0 PINHOLE 3937 2217 2725.58 2725.58 1968.5 1108.5
1 PINHOLE 3937 2217 2725.58 2725.58 1968.5 1108.5
2 PINHOLE 3937 2217 2725.58 2725.58 1968.5 1108.5
3 PINHOLE 3937 2217 2725.58 2725.58 1968.5 1108.5
4 PINHOLE 3937 2217 2725.58 2725.58 1968.5 1108.5
5 PINHOLE 3937 2217 2725.58 2725.58 1968.5 1108.5
6 PINHOLE 3937 2217 2725.58 2725.58 1968.5 1108.5
7 PINHOLE 3937 2217 2725.58 2725.58 1968.5 1108.5
8 PINHOLE 3937 2217 2725.58 2725.58 1968.5 1108.5
9 PINHOLE 3937 2217 2725.58 2725.58 1968.5 1108.5
10 PINHOLE 3937 2217 2725.58 2725.58 1968.5 1108.5
11 PINHOLE 3937 2217 2725.58 2725.58 1968.5 1108.5
12 PINHOLE 3937 2217 2725.58 2725.58 1968.5 1108.5
13 PINHOLE 3937 2217 2725.58 2725.58 1968.5 1108.5
14 PINHOLE 3937 2217 2725.58 2725.58 1968.5 1108.5
15 PINHOLE 3937 2217 2725.58 2725.58 1968.5 1108.5
16 PINHOLE 3937 2217 2725.58 2725.58 1968.5 1108.5
17 PINHOLE 3937 2217 2725.58 2725.58 1968.5 1108.5
18 PINHOLE 3937 2217 2725.58 2725.58 1968.5 1108.5
19 PINHOLE 3937 2217 2725.58 2725.58 1968.5 1108.5
20 PINHOLE 3937 2217 2725.58 2725.58 1968.5 1108.5
21 PINHOLE 3937 2217 2725.58 2725.58 1968.5 1108.5
22 PINHOLE 3937 2217 2725.58 2725.58 1968.5 1108.5
23 PINHOLE 3937 2217 2725.58 2725.58 1968.5 1108.5
24 PINHOLE 3937 2217 2725.58 2725.58 1968.5 1108.5
25 PINHOLE 3937 2217 2725.58 2725.58 1968.5 1108.5
26 PINHOLE 3937 2217 2725.58 2725.58 1968.5 1108.5
27 PINHOLE 3937 2217 2725.58 2725.58 1968.5 1108.5
28 PINHOLE 3937 2217 2725.58 2725.58 1968.5 1108.5
29 PINHOLE 3937 2217 2725.58 2725.58 1968.5 1108.5
30 PINHOLE 3937 2217 2725.58 2725.58 1968.5 1108.5
31 PINHOLE 3937 2217 2725.58 2725.58 1968.5 1108.5
32 PINHOLE 3937 2217 2725.58 2725.58 1968.5 1108.5
33 PINHOLE 3937 2217 2725.58 2725.58 1968.5 1108.5
34 PINHOLE 3937 2217 2725.58 2725.58 1968.5 1108.5
35 PINHOLE 3937 2217 2725.58 2725.58 1968.5 1108.5
36 PINHOLE 3937 2217 2725.58 2725.58 1968.5 1108.5
37 PINHOLE 3937 2217 2725.58 2725.58 1968.5 1108.5
38 PINHOLE 3937 2217 2725.58 2725.58 1968.5 1108.5
39 PINHOLE 3937 2217 2725.58 2725.58 1968.5 1108.5
40 PINHOLE 3937 2217 2725.58 2725.58 1968.5 1108.5
41 PINHOLE 3937 2217 2725.58 2725.58 1968.5 1108.5
42 PINHOLE 3937 2217 2725.58 2725.58 1968.5 1108.5
43 PINHOLE 3937 2217 2725.58 2725.58 1968.5 1108.5
44 PINHOLE 3937 2217 2725.58 2725.58 1968.5 1108.5
45 PINHOLE 3937 2217 2725.58 2725.58 1968.5 1108.5
46 PINHOLE 3937 2217 2725.58 2725.58 1968.5 1108.5
47 PINHOLE 3937 2217 2725.58 2725.58 1968.5 1108.5
48 PINHOLE 3937 2217 2725.58 2725.58 1968.5 1108.5
49 PINHOLE 3937 2217 2725.58 2725.58 1968.5 1108.5
50 PINHOLE 3937 2217 2725.58 2725.58 1968.5 1108.5
51 PINHOLE 3937 2217 2725.58 2725.58 1968.5 1108.5
52 PINHOLE 3937 2217 2725.58 2725.58 1968.5 1108.5
53 PINHOLE 3937 2217 2725.58 2725.58 1968.5 1108.5
54 PINHOLE 3937 2217 2725.58 2725.58 1968.5 1108.5
55 PINHOLE 3937 2217 2725.58 2725.58 1968.5 1108.5
56 PINHOLE 3937 2217 2725.58 2725.58 1968.5 1108.5
57 PINHOLE 3937 2217 2725.58 2725.58 1968.5 1108.5
58 PINHOLE 3937 2217 2725.58 2725.58 1968.5 1108.5
59 PINHOLE 3937 2217 2725.58 2725.58 1968.5 1108.5
60 PINHOLE 3937 2217 2725.58 2725.58 1968.5 1108.5
61 PINHOLE 3937 2217 2725.58 2725.58 1968.5 1108.5
62 PINHOLE 3937 2217 2725.58 2725.58 1968.5 1108.5
63 PINHOLE 3937 2217 2725.58 2725.58 1968.5 1108.5
64 PINHOLE 3937 2217 2725.58 2725.58 1968.5 1108.5
65 PINHOLE 3937 2217 2725.58 2725.58 1968.5 1108.5
66 PINHOLE 3937 2217 2725.58 2725.58 1968.5 1108.5
67 PINHOLE 3937 2217 2725.58 2725.58 1968.5 1108.5
68 PINHOLE 3937 2217 2725.58 2725.58 1968.5 1108.5
69 PINHOLE 3937 2217 2725.58 2725.58 1968.5 1108.5
70 PINHOLE 3937 2217 2725.58 2725.58 1968.5 1108.5
71 PINHOLE 3937 2217 2725.58 2725.58 1968.5 1108.5
72 PINHOLE 3937 2217 2725.58 2725.58 1968.5 1108.5
73 PINHOLE 3937 2217 2725.58 2725.58 1968.5 1108.5
74 PINHOLE 3937 2217 2725.58 2725.58 1968.5 1108.5
75 PINHOLE 3937 2217 2725.58 2725.58 1968.5 1108.5
76 PINHOLE 3937 2217 2725.58 2725.58 1968.5 1108.5
77 PINHOLE 3937 2217 2725.58 2725.58 1968.5 1108.5
78 PINHOLE 3937 2217 2725.58 2725.58 1968.5 1108.5
79 PINHOLE 3937 2217 2725.58 2725.58 1968.5 1108.5
80 PINHOLE 3937 2217 2725.58 2725.58 1968.5 1108.5
81 PINHOLE 3937 2217 2725.58 2725.58 1968.5 1108.5
82 PINHOLE 3937 2217 2725.58 2725.58 1968.5 1108.5
83 PINHOLE 3937 2217 2725.58 2725.58 1968.5 1108.5
84 PINHOLE 3937 2217 2725.58 2725.58 1968.5 1108.5
85 PINHOLE 3937 2217 2725.58 2725.58 1968.5 1108.5
86 PINHOLE 3937 2217 2725.58 2725.58 1968.5 1108.5
87 PINHOLE 3937 2217 2725.58 2725.58 1968.5 1108.5
88 PINHOLE 3937 2217 2725.58 2725.58 1968.5 1108.5
89 PINHOLE 3937 2217 2725.58 2725.58 1968.5 1108.5
90 PINHOLE 3937 2217 2725.58 2725.58 1968.5 1108.5
91 PINHOLE 3937 2217 2725.58 2725.58 1968.5 1108.5
92 PINHOLE 3937 2217 2725.58 2725.58 1968.5 1108.5
93 PINHOLE 3937 2217 2725.58 2725.58 1968.5 1108.5
94 PINHOLE 3937 2217 2725.58 2725.58 1968.5 1108.5
95 PINHOLE 3937 2217 2725.58 2725.58 1968.5 1108.5
96 PINHOLE 3937 2217 2725.58 2725.58 1968.5 1108.5
97 PINHOLE 3937 2217 2725.58 2725.58 1968.5 1108.5
98 PINHOLE 3937 2217 2725.58 2725.58 1968.5 1108.5
99 PINHOLE 3937 2217 2725.58 2725.58 1968.5 1108.5
100 PINHOLE 3937 2217 2725.58 2725.58 1968.5 1108.5
101 PINHOLE 3937 2217 2725.58 2725.58 1968.5 1108.5
102 PINHOLE 3937 2217 2725.58 2725.58 1968.5 1108.5
103 PINHOLE 3937 2217 2725.58 2725.58 1968.5 1108.5
104 PINHOLE 3937 2217 2725.58 2725.58 1968.5 1108.5
105 PINHOLE 3937 2217 2725.58 2725.58 1968.5 1108.5
106 PINHOLE 3937 2217 2725.58 2725.58 1968.5 1108.5
107 PINHOLE 3937 2217 2725.58 2725.58 1968.5 1108.5
108 PINHOLE 3937 2217 2725.58 2725.58 1968.5 1108.5
109 PINHOLE 3937 2217 2725.58 2725.58 1968.5 1108.5
110 PINHOLE 3937 2217 2725.58 2725.58 1968.5 1108.5
111 PINHOLE 3937 2217 2725.58 2725.58 1968.5 1108.5
112 PINHOLE 3937 2217 2725.58 2725.58 1968.5 1108.5
113 PINHOLE 3937 2217 2725.58 2725.58 1968.5 1108.5
114 PINHOLE 3937 2217 2725.58 2725.58 1968.5 1108.5
115 PINHOLE 3937 2217 2725.58 2725.58 1968.5 1108.5
116 PINHOLE 3937 2217 2725.58 2725.58 1968.5 1108.5
117 PINHOLE 3937 2217 2725.58 2725.58 1968.5 1108.5
118 PINHOLE 3937 2217 2725.58 2725.58 1968.5 1108.5
119 PINHOLE 3937 2217 2725.58 2725.58 1968.5 1108.5
120 PINHOLE 3937 2217 2725.58 2725.58 1968.5 1108.5
121 PINHOLE 3937 2217 2725.58 2725.58 1968.5 1108.5
122 PINHOLE 3937 2217 2725.58 2725.58 1968.5 1108.5
123 PINHOLE 3937 2217 2725.58 2725.58 1968.5 1108.5
124 PINHOLE 3937 2217 2725.58 2725.58 1968.5 1108.5
125 PINHOLE 3937 2217 2725.58 2725.58 1968.5 1108.5
126 PINHOLE 3937 2217 2725.58 2725.58 1968.5 1108.5
127 PINHOLE 3937 2217 2725.58 2725.58 1968.5 1108.5
128 PINHOLE 3937 2217 2725.58 2725.58 1968.5 1108.5
129 PINHOLE 3937 2217 2725.58 2725.58 1968.5 1108.5
130 PINHOLE 3937 2217 2725.58 2725.58 1968.5 1108.5
131 PINHOLE 3937 2217 2725.58 2725.58 1968.5 1108.5
132 PINHOLE 3937 2217 2725.58 2725.58 1968.5 1108.5
133 PINHOLE 3937 2217 2725.58 2725.58 1968.5 1108.5
134 PINHOLE 3937 2217 2725.58 2725.58 1968.5 1108.5
135 PINHOLE 3937 2217 2725.58 2725.58 1968.5 1108.5
136 PINHOLE 3937 2217 2725.58 2725.58 1968.5 1108.5
137 PINHOLE 3937 2217 2725.58 2725.58 1968.5 1108.5
138 PINHOLE 3937 2217 2725.58 2725.58 1968.5 1108.5
139 PINHOLE 3937 2217 2725.58 2725.58 1968.5 1108.5
140 PINHOLE 3937 2217 2725.58 2725.58 1968.5 1108.5
141 PINHOLE 3937 2217 2725.58 2725.58 1968.5 1108.5
142 PINHOLE 3937 2217 2725.58 2725.58 1968.5 1108.5
143 PINHOLE 3937 2217 2725.58 2725.58 1968.5 1108.5
144 PINHOLE 3937 2217 2725.58 2725.58 1968.5 1108.5
145 PINHOLE 3937 2217 2725.58 2725.58 1968.5 1108.5
146 PINHOLE 3937 2217 2725.58 2725.58 1968.5 1108.5
147 PINHOLE 3937 2217 2725.58 2725.58 1968.5 1108.5
148 PINHOLE 3937 2217 2725.58 2725.58 1968.5 1108.5
149 PINHOLE 3937 2217 2725.58 2725.58 1968.5 1108.5
150 PINHOLE 3937 2217 2725.58 2725.58 1968.5 1108.5
151 PINHOLE 3937 2217 2725.58 2725.58 1968.5 1108.5
152 PINHOLE 3937 2217 2725.58 2725.58 1968.5 1108.5
153 PINHOLE 3937 2217 2725.58 2725.58 1968.5 1108.5
154 PINHOLE 3937 2217 2725.58 2725.58 1968.5 1108.5
155 PINHOLE 3937 2217 2725.58 2725.58 1968.5 1108.5
156 PINHOLE 3937 2217 2725.58 2725.58 1968.5 1108.5
157 PINHOLE 3937 2217 2725.58 2725.58 1968.5 1108.5
158 PINHOLE 3937 2217 2725.58 2725.58 1968.5 1108.5
159 PINHOLE 3937 2217 2725.58 2725.58 1968.5 1108.5
160 PINHOLE 3937 2217 2725.58 2725.58 1968.5 1108.5
161 PINHOLE 3937 2217 2725.58 2725.58 1968.5 1108.5
162 PINHOLE 3937 2217 2725.58 2725.58 1968.5 1108.5
163 PINHOLE 3937 2217 2725.58 2725.58 1968.5 1108.5
164 PINHOLE 3937 2217 2725.58 2725.58 1968.5 1108.5
165 PINHOLE 3937 2217 2725.58 2725.58 1968.5 1108.5
166 PINHOLE 3937 2217 2725.58 2725.58 1968.5 1108.5
167 PINHOLE 3937 2217 2725.58 2725.58 1968.5 1108.5
168 PINHOLE 3937 2217 2725.58 2725.58 1968.5 1108.5
169 PINHOLE 3937 2217 2725.58 2725.58 1968.5 1108.5
170 PINHOLE 3937 2217 2725.58 2725.58 1968.5 1108.5
171 PINHOLE 3937 2217 2725.58 2725.58 1968.5 1108.5
172 PINHOLE 3937 2217 2725.58 2725.58 1968.5 1108.5
173 PINHOLE 3937 2217 2725.58 2725.58 1968.5 1108.5
174 PINHOLE 3937 2217 2725.58 2725.58 1968.5 1108.5
175 PINHOLE 3937 2217 2725.58 2725.58 1968.5 1108.5
176 PINHOLE 3937 2217 2725.58 2725.58 1968.5 1108.5
177 PINHOLE 3937 2217 2725.58 2725.58 1968.5 1108.5
178 PINHOLE 3937 2217 2725.58 2725.58 1968.5 1108.5
179 PINHOLE 3937 2217 2725.58 2725.58 1968.5 1108.5
180 PINHOLE 3937 2217 2725.58 2725.58 1968.5 1108.5
181 PINHOLE 3937 2217 2725.58 2725.58 1968.5 1108.5
182 PINHOLE 3937 2217 2725.58 2725.58 1968.5 1108.5
183 PINHOLE 3937 2217 2725.58 2725.58 1968.5 1108.5
184 PINHOLE 3937 2217 2725.58 2725.58 1968.5 1108.5
185 PINHOLE 3937 2217 2725.58 2725.58 1968.5 1108.5
186 PINHOLE 3937 2217 2725.58 2725.58 1968.5 1108.5
187 PINHOLE 3937 2217 2725.58 2725.58 1968.5 1108.5
188 PINHOLE 3937 2217 2725.58 2725.58 1968.5 1108.5
189 PINHOLE 3937 2217 2725.58 2725.58 1968.5 1108.5
190 PINHOLE 3937 2217 2725.58 2725.58 1968.5 1108.5
191 PINHOLE 3937 2217 2725.58 2725.58 1968.5 1108.5
192 PINHOLE 3937 2217 2725.58 2725.58 1968.5 1108.5
193 PINHOLE 3937 2217 2725.58 2725.58 1968.5 1108.5
194 PINHOLE 3937 2217 2725.58 2725.58 1968.5 1108.5
195 PINHOLE 3937 2217 2725.58 2725.58 1968.5 1108.5
196 PINHOLE 3937 2217 2725.58 2725.58 1968.5 1108.5
197 PINHOLE 3937 2217 2725.58 2725.58 1968.5 1108.5
198 PINHOLE 3937 2217 2725.58 2725.58 1968.5 1108.5
199 PINHOLE 3937 2217 2725.58 2725.58 1968.5 1108.5
200 PINHOLE 3937 2217 2725.58 2725.58 1968.5 1108.5
201 PINHOLE 3937 2217 2725.58 2725.58 1968.5 1108.5
202 PINHOLE 3937 2217 2725.58 2725.58 1968.5 1108.5
203 PINHOLE 3937 2217 2725.58 2725.58 1968.5 1108.5
204 PINHOLE 3937 2217 2725.58 2725.58 1968.5 1108.5
205 PINHOLE 3937 2217 2725.58 2725.58 1968.5 1108.5
206 PINHOLE 3937 2217 2725.58 2725.58 1968.5 1108.5
207 PINHOLE 3937 2217 2725.58 2725.58 1968.5 1108.5
208 PINHOLE 3937 2217 2725.58 2725.58 1968.5 1108.5
209 PINHOLE 3937 2217 2725.58 2725.58 1968.5 1108.5
210 PINHOLE 3937 2217 2725.58 2725.58 1968.5 1108.5
211 PINHOLE 3937 2217 2725.58 2725.58 1968.5 1108.5
212 PINHOLE 3937 2217 2725.58 2725.58 1968.5 1108.5
213 PINHOLE 3937 2217 2725.58 2725.58 1968.5 1108.5
214 PINHOLE 3937 2217 2725.58 2725.58 1968.5 1108.5
215 PINHOLE 3937 2217 2725.58 2725.58 1968.5 1108.5
216 PINHOLE 3937 2217 2725.58 2725.58 1968.5 1108.5
217 PINHOLE 3937 2217 2725.58 2725.58 1968.5 1108.5
218 PINHOLE 3937 2217 2725.58 2725.58 1968.5 1108.5
219 PINHOLE 3937 2217 2725.58 2725.58 1968.5 1108.5
220 PINHOLE 3937 2217 2725.58 2725.58 1968.5 1108.5
221 PINHOLE 3937 2217 2725.58 2725.58 1968.5 1108.5
222 PINHOLE 3937 2217 2725.58 2725.58 1968.5 1108.5
223 PINHOLE 3937 2217 2725.58 2725.58 1968.5 1108.5
224 PINHOLE 3937 2217 2725.58 2725.58 1968.5 1108.5
225 PINHOLE 3937 2217 2725.58 2725.58 1968.5 1108.5
226 PINHOLE 3937 2217 2725.58 2725.58 1968.5 1108.5
227 PINHOLE 3937 2217 2725.58 2725.58 1968.5 1108.5
228 PINHOLE 3937 2217 2725.58 2725.58 1968.5 1108.5
229 PINHOLE 3937 2217 2725.58 2725.58 1968.5 1108.5
230 PINHOLE 3937 2217 2725.58 2725.58 1968.5 1108.5
231 PINHOLE 3937 2217 2725.58 2725.58 1968.5 1108.5
232 PINHOLE 3937 2217 2725.58 2725.58 1968.5 1108.5
233 PINHOLE 3937 2217 2725.58 2725.58 1968.5 1108.5
234 PINHOLE 3937 2217 2725.58 2725.58 1968.5 1108.5
235 PINHOLE 3937 2217 2725.58 2725.58 1968.5 1108.5
236 PINHOLE 3937 2217 2725.58 2725.58 1968.5 1108.5
237 PINHOLE 3937 2217 2725.58 2725.58 1968.5 1108.5
238 PINHOLE 3937 2217 2725.58 2725.58 1968.5 1108.5
239 PINHOLE 3937 2217 2725.58 2725.58 1968.5 1108.5
240 PINHOLE 3937 2217 2725.58 2725.58 1968.5 1108.5
241 PINHOLE 3937 2217 2725.58 2725.58 1968.5 1108.5
242 PINHOLE 3937 2217 2725.58 2725.58 1968.5 1108.5
243 PINHOLE 3937 2217 2725.58 2725.58 1968.5 1108.5
244 PINHOLE 3937 2217 2725.58 2725.58 1968.5 1108.5
245 PINHOLE 3937 2217 2725.58 2725.58 1968.5 1108.5
246 PINHOLE 3937 2217 2725.58 2725.58 1968.5 1108.5
247 PINHOLE 3937 2217 2725.58 2725.58 1968.5 1108.5
248 PINHOLE 3937 2217 2725.58 2725.58 1968.5 1108.5
249 PINHOLE 3937 2217 2725.58 2725.58 1968.5 1108.5
250 PINHOLE 3937 2217 2725.58 2725.58 1968.5 1108.5
251 PINHOLE 3937 2217 2725.58 2725.58 1968.5 1108.5
252 PINHOLE 3937 2217 2725.58 2725.58 1968.5 1108.5
253 PINHOLE 3937 2217 2725.58 2725.58 1968.5 1108.5
254 PINHOLE 3937 2217 2725.58 2725.58 1968.5 1108.5
255 PINHOLE 3937 2217 2725.58 2725.58 1968.5 1108.5
256 PINHOLE 3937 2217 2725.58 2725.58 1968.5 1108.5
257 PINHOLE 3937 2217 2725.58 2725.58 1968.5 1108.5
258 PINHOLE 3937 2217 2725.58 2725.58 1968.5 1108.5
259 PINHOLE 3937 2217 2725.58 2725.58 1968.5 1108.5
260 PINHOLE 3937 2217 2725.58 2725.58 1968.5 1108.5
261 PINHOLE 3937 2217 2725.58 2725.58 1968.5 1108.5
262 PINHOLE 3937 2217 2725.58 2725.58 1968.5 1108.5
263 PINHOLE 3937 2217 2725.58 2725.58 1968.5 1108.5
264 PINHOLE 3937 2217 2725.58 2725.58 1968.5 1108.5
265 PINHOLE 3937 2217 2725.58 2725.58 1968.5 1108.5
266 PINHOLE 3937 2217 2725.58 2725.58 1968.5 1108.5
267 PINHOLE 3937 2217 2725.58 2725.58 1968.5 1108.5
268 PINHOLE 3937 2217 2725.58 2725.58 1968.5 1108.5
269 PINHOLE 3937 2217 2725.58 2725.58 1968.5 1108.5
270 PINHOLE 3937 2217 2725.58 2725.58 1968.5 1108.5
271 PINHOLE 3937 2217 2725.58 2725.58 1968.5 1108.5
272 PINHOLE 3937 2217 2725.58 2725.58 1968.5 1108.5
273 PINHOLE 3937 2217 2725.58 2725.58 1968.5 1108.5
274 PINHOLE 3937 2217 2725.58 2725.58 1968.5 1108.5
275 PINHOLE 3937 2217 2725.58 2725.58 1968.5 1108.5
276 PINHOLE 3937 2217 2725.58 2725.58 1968.5 1108.5
277 PINHOLE 3937 2217 2725.58 2725.58 1968.5 1108.5
278 PINHOLE 3937 2217 2725.58 2725.58 1968.5 1108.5
279 PINHOLE 3937 2217 2725.58 2725.58 1968.5 1108.5
280 PINHOLE 3937 2217 2725.58 2725.58 1968.5 1108.5
281 PINHOLE 3937 2217 2725.58 2725.58 1968.5 1108.5
282 PINHOLE 3937 2217 2725.58 2725.58 1968.5 1108.5
283 PINHOLE 3937 2217 2725.58 2725.58 1968.5 1108.5
284 PINHOLE 3937 2217 2725.58 2725.58 1968.5 1108.5
285 PINHOLE 3937 2217 2725.58 2725.58 1968.5 1108.5
286 PINHOLE 3937 2217 2725.58 2725.58 1968.5 1108.5
287 PINHOLE 3937 2217 2725.58 2725.58 1968.5 1108.5
288 PINHOLE 3937 2217 2725.58 2725.58 1968.5 1108.5
289 PINHOLE 3937 2217 2725.58 2725.58 1968.5 1108.5
290 PINHOLE 3937 2217 2725.58 2725.58 1968.5 1108.5
291 PINHOLE 3937 2217 2725.58 2725.58 1968.5 1108.5
292 PINHOLE 3937 2217 2725.58 2725.58 1968.5 1108.5
293 PINHOLE 3937 2217 2725.58 2725.58 1968.5 1108.5
294 PINHOLE 3937 2217 2725.58 2725.58 1968.5 1108.5
295 PINHOLE 3937 2217 2725.58 2725.58 1968.5 1108.5
296 PINHOLE 3937 2217 2725.58 2725.58 1968.5 1108.5
297 PINHOLE 3937 2217 2725.58 2725.58 1968.5 1108.5
298 PINHOLE 3937 2217 2725.58 2725.58 1968.5 1108.5
299 PINHOLE 3937 2217 2725.58 2725.58 1968.5 1108.5
300 PINHOLE 3937 2217 2725.58 2725.58 1968.5 1108.5
301 PINHOLE 3937 2217 2725.58 2725.58 1968.5 1108.5
302 PINHOLE 3937 2217 2725.58 2725.58 1968.5 1108.5
303 PINHOLE 3937 2217 2725.58 2725.58 1968.5 1108.5
304 PINHOLE 3937 2217 2725.58 2725.58 1968.5 1108.5
305 PINHOLE 3937 2217 2725.58 2725.58 1968.5 1108.5
306 PINHOLE 3937 2217 2725.58 2725.58 1968.5 1108.5
307 PINHOLE 3937 2217 2725.58 2725.58 1968.5 1108.5
308 PINHOLE 3937 2217 2725.58 2725.58 1968.5 1108.5
309 PINHOLE 3937 2217 2725.58 2725.58 1968.5 1108.5
310 PINHOLE 3937 2217 2725.58 2725.58 1968.5 1108.5
311 PINHOLE 3937 2217 2725.58 2725.58 1968.5 1108.5
312 PINHOLE 3937 2217 2725.58 2725.58 1968.5 1108.5
313 PINHOLE 3937 2217 2725.58 2725.58 1968.5 1108.5
314 PINHOLE 3937 2217 2725.58 2725.58 1968.5 1108.5
315 PINHOLE 3937 2217 2725.58 2725.58 1968.5 1108.5
316 PINHOLE 3937 2217 2725.58 2725.58 1968.5 1108.5
317 PINHOLE 3937 2217 2725.58 2725.58 1968.5 1108.5
318 PINHOLE 3937 2217 2725.58 2725.58 1968.5 1108.5
319 PINHOLE 3937 2217 2725.58 2725.58 1968.5 1108.5
320 PINHOLE 3937 2217 2725.58 2725.58 1968.5 1108.5
321 PINHOLE 3937 2217 2725.58 2725.58 1968.5 1108.5
322 PINHOLE 3937 2217 2725.58 2725.58 1968.5 1108.5
323 PINHOLE 3937 2217 2725.58 2725.58 1968.5 1108.5
324 PINHOLE 3937 2217 2725.58 2725.58 1968.5 1108.5
325 PINHOLE 3937 2217 2725.58 2725.58 1968.5 1108.5
326 PINHOLE 3937 2217 2725.58 2725.58 1968.5 1108.5
327 PINHOLE 3937 2217 2725.58 2725.58 1968.5 1108.5
328 PINHOLE 3937 2217 2725.58 2725.58 1968.5 1108.5
329 PINHOLE 3937 2217 2725.58 2725.58 1968.5 1108.5
330 PINHOLE 3937 2217 2725.58 2725.58 1968.5 1108.5
331 PINHOLE 3937 2217 2725.58 2725.58 1968.5 1108.5
332 PINHOLE 3937 2217 2725.58 2725.58 1968.5 1108.5
333 PINHOLE 3937 2217 2725.58 2725.58 1968.5 1108.5
334 PINHOLE 3937 2217 2725.58 2725.58 1968.5 1108.5
335 PINHOLE 3937 2217 2725.58 2725.58 1968.5 1108.5
336 PINHOLE 3937 2217 2725.58 2725.58 1968.5 1108.5
337 PINHOLE 3937 2217 2725.58 2725.58 1968.5 1108.5
338 PINHOLE 3937 2217 2725.58 2725.58 1968.5 1108.5
339 PINHOLE 3937 2217 2725.58 2725.58 1968.5 1108.5
340 PINHOLE 3937 2217 2725.58 2725.58 1968.5 1108.5
341 PINHOLE 3937 2217 2725.58 2725.58 1968.5 1108.5
342 PINHOLE 3937 2217 2725.58 2725.58 1968.5 1108.5
343 PINHOLE 3937 2217 2725.58 2725.58 1968.5 1108.5
344 PINHOLE 3937 2217 2725.58 2725.58 1968.5 1108.5
345 PINHOLE 3937 2217 2725.58 2725.58 1968.5 1108.5
346 PINHOLE 3937 2217 2725.58 2725.58 1968.5 1108.5
347 PINHOLE 3937 2217 2725.58 2725.58 1968.5 1108.5
348 PINHOLE 3937 2217 2725.58 2725.58 1968.5 1108.5
349 PINHOLE 3937 2217 2725.58 2725.58 1968.5 1108.5
350 PINHOLE 3937 2217 2725.58 2725.58 1968.5 1108.5
351 PINHOLE 3937 2217 2725.58 2725.58 1968.5 1108.5
352 PINHOLE 3937 2217 2725.58 2725.58 1968.5 1108.5
353 PINHOLE 3937 2217 2725.58 2725.58 1968.5 1108.5
354 PINHOLE 3937 2217 2725.58 2725.58 1968.5 1108.5
355 PINHOLE 3937 2217 2725.58 2725.58 1968.5 1108.5
356 PINHOLE 3937 2217 2725.58 2725.58 1968.5 1108.5
357 PINHOLE 3937 2217 2725.58 2725.58 1968.5 1108.5
358 PINHOLE 3937 2217 2725.58 2725.58 1968.5 1108.5
359 PINHOLE 3937 2217 2725.58 2725.58 1968.5 1108.5
360 PINHOLE 3937 2217 2725.58 2725.58 1968.5 1108.5
361 PINHOLE 3937 2217 2725.58 2725.58 1968.5 1108.5
362 PINHOLE 3937 2217 2725.58 2725.58 1968.5 1108.5
363 PINHOLE 3937 2217 2725.58 2725.58 1968.5 1108.5
364 PINHOLE 3937 2217 2725.58 2725.58 1968.5 1108.5
365 PINHOLE 3937 2217 2725.58 2725.58 1968.5 1108.5
366 PINHOLE 3937 2217 2725.58 2725.58 1968.5 1108.5
367 PINHOLE 3937 2217 2725.58 2725.58 1968.5 1108.5
368 PINHOLE 3937 2217 2725.58 2725.58 1968.5 1108.5
369 PINHOLE 3937 2217 2725.58 2725.58 1968.5 1108.5
370 PINHOLE 3937 2217 2725.58 2725.58 1968.5 1108.5
371 PINHOLE 3937 2217 2725.58 2725.58 1968.5 1108.5
372 PINHOLE 3937 2217 2725.58 2725.58 1968.5 1108.5
373 PINHOLE 3937 2217 2725.58 2725.58 1968.5 1108.5
374 PINHOLE 3937 2217 2725.58 2725.58 1968.5 1108.5
375 PINHOLE 3937 2217 2725.58 2725.58 1968.5 1108.5
376 PINHOLE 3937 2217 2725.58 2725.58 1968.5 1108.5
377 PINHOLE 3937 2217 2725.58 2725.58 1968.5 1108.5
378 PINHOLE 3937 2217 2725.58 2725.58 1968.5 1108.5
379 PINHOLE 3937 2217 2725.58 2725.58 1968.5 1108.5
380 PINHOLE 3937 2217 2725.58 2725.58 1968.5 1108.5
381 PINHOLE 3937 2217 2725.58 2725.58 1968.5 1108.5
382 PINHOLE 3937 2217 2725.58 2725.58 1968.5 1108.5
383 PINHOLE 3937 2217 2725.58 2725.58 1968.5 1108.5
384 PINHOLE 3937 2217 2725.58 2725.58 1968.5 1108.5
385 PINHOLE 3937 2217 2725.58 2725.58 1968.5 1108.5
386 PINHOLE 3937 2217 2725.58 2725.58 1968.5 1108.5
387 PINHOLE 3937 2217 2725.58 2725.58 1968.5 1108.5
388 PINHOLE 3937 2217 2725.58 2725.58 1968.5 1108.5
389 PINHOLE 3937 2217 2725.58 2725.58 1968.5 1108.5
390 PINHOLE 3937 2217 2725.58 2725.58 1968.5 1108.5
391 PINHOLE 3937 2217 2725.58 2725.58 1968.5 1108.5
392 PINHOLE 3937 2217 2725.58 2725.58 1968.5 1108.5
393 PINHOLE 3937 2217 2725.58 2725.58 1968.5 1108.5
394 PINHOLE 3937 2217 2725.58 2725.58 1968.5 1108.5
395 PINHOLE 3937 2217 2725.58 2725.58 1968.5 1108.5
396 PINHOLE 3937 2217 2725.58 2725.58 1968.5 1108.5
397 PINHOLE 3937 2217 2725.58 2725.58 1968.5 1108.5
398 PINHOLE 3937 2217 2725.58 2725.58 1968.5 1108.5
399 PINHOLE 3937 2217 2725.58 2725.58 1968.5 1108.5
400 PINHOLE 3937 2217 2725.58 2725.58 1968.5 1108.5
401 PINHOLE 3937 2217 2725.58 2725.58 1968.5 1108.5
402 PINHOLE 3937 2217 2725.58 2725.58 1968.5 1108.5
403 PINHOLE 3937 2217 2725.58 2725.58 1968.5 1108.5
404 PINHOLE 3937 2217 2725.58 2725.58 1968.5 1108.5
405 PINHOLE 3937 2217 2725.58 2725.58 1968.5 1108.5
406 PINHOLE 3937 2217 2725.58 2725.58 1968.5 1108.5
407 PINHOLE 3937 2217 2725.58 2725.58 1968.5 1108.5
408 PINHOLE 3937 2217 2725.58 2725.58 1968.5 1108.5
409 PINHOLE 3937 2217 2725.58 2725.58 1968.5 1108.5
410 PINHOLE 3937 2217 2725.58 2725.58 1968.5 1108.5
411 PINHOLE 3937 2217 2725.58 2725.58 1968.5 1108.5
412 PINHOLE 3937 2217 2725.58 2725.58 1968.5 1108.5
413 PINHOLE 3937 2217 2725.58 2725.58 1968.5 1108.5
414 PINHOLE 3937 2217 2725.58 2725.58 1968.5 1108.5
415 PINHOLE 3937 2217 2725.58 2725.58 1968.5 1108.5
416 PINHOLE 3937 2217 2725.58 2725.58 1968.5 1108.5
417 PINHOLE 3937 2217 2725.58 2725.58 1968.5 1108.5
418 PINHOLE 3937 2217 2725.58 2725.58 1968.5 1108.5
419 PINHOLE 3937 2217 2725.58 2725.58 1968.5 1108.5
420 PINHOLE 3937 2217 2725.58 2725.58 1968.5 1108.5
421 PINHOLE 3937 2217 2725.58 2725.58 1968.5 1108.5
422 PINHOLE 3937 2217 2725.58 2725.58 1968.5 1108.5
423 PINHOLE 3937 2217 2725.58 2725.58 1968.5 1108.5
424 PINHOLE 3937 2217 2725.58 2725.58 1968.5 1108.5
425 PINHOLE 3937 2217 2725.58 2725.58 1968.5 1108.5
426 PINHOLE 3937 2217 2725.58 2725.58 1968.5 1108.5
427 PINHOLE 3937 2217 2725.58 2725.58 1968.5 1108.5
428 PINHOLE 3937 2217 2725.58 2725.58 1968.5 1108.5
429 PINHOLE 3937 2217 2725.58 2725.58 1968.5 1108.5
430 PINHOLE 3937 2217 2725.58 2725.58 1968.5 1108.5
431 PINHOLE 3937 2217 2725.58 2725.58 1968.5 1108.5
432 PINHOLE 3937 2217 2725.58 2725.58 1968.5 1108.5
433 PINHOLE 3937 2217 2725.58 2725.58 1968.5 1108.5
434 PINHOLE 3937 2217 2725.58 2725.58 1968.5 1108.5
435 PINHOLE 3937 2217 2725.58 2725.58 1968.5 1108.5
436 PINHOLE 3937 2217 2725.58 2725.58 1968.5 1108.5
437 PINHOLE 3937 2217 2725.58 2725.58 1968.5 1108.5
438 PINHOLE 3937 2217 2725.58 2725.58 1968.5 1108.5
439 PINHOLE 3937 2217 2725.58 2725.58 1968.5 1108.5
440 PINHOLE 3937 2217 2725.58 2725.58 1968.5 1108.5
441 PINHOLE 3937 2217 2725.58 2725.58 1968.5 1108.5
442 PINHOLE 3937 2217 2725.58 2725.58 1968.5 1108.5
443 PINHOLE 3937 2217 2725.58 2725.58 1968.5 1108.5
444 PINHOLE 3937 2217 2725.58 2725.58 1968.5 1108.5
445 PINHOLE 3937 2217 2725.58 2725.58 1968.5 1108.5
446 PINHOLE 3937 2217 2725.58 2725.58 1968.5 1108.5
447 PINHOLE 3937 2217 2725.58 2725.58 1968.5 1108.5
448 PINHOLE 3937 2217 2725.58 2725.58 1968.5 1108.5
449 PINHOLE 3937 2217 2725.58 2725.58 1968.5 1108.5
450 PINHOLE 3937 2217 2725.58 2725.58 1968.5 1108.5
451 PINHOLE 3937 2217 2725.58 2725.58 1968.5 1108.5
452 PINHOLE 3937 2217 2725.58 2725.58 1968.5 1108.5
453 PINHOLE 3937 2217 2725.58 2725.58 1968.5 1108.5
454 PINHOLE 3937 2217 2725.58 2725.58 1968.5 1108.5
455 PINHOLE 3937 2217 2725.58 2725.58 1968.5 1108.5
456 PINHOLE 3937 2217 2725.58 2725.58 1968.5 1108.5
457 PINHOLE 3937 2217 2725.58 2725.58 1968.5 1108.5
458 PINHOLE 3937 2217 2725.58 2725.58 1968.5 1108.5
459 PINHOLE 3937 2217 2725.58 2725.58 1968.5 1108.5
460 PINHOLE 3937 2217 2725.58 2725.58 1968.5 1108.5
461 PINHOLE 3937 2217 2725.58 2725.58 1968.5 1108.5
462 PINHOLE 3937 2217 2725.58 2725.58 1968.5 1108.5
463 PINHOLE 3937 2217 2725.58 2725.58 1968.5 1108.5
464 PINHOLE 3937 2217 2725.58 2725.58 1968.5 1108.5
465 PINHOLE 3937 2217 2725.58 2725.58 1968.5 1108.5
466 PINHOLE 3937 2217 2725.58 2725.58 1968.5 1108.5
467 PINHOLE 3937 2217 2725.58 2725.58 1968.5 1108.5
468 PINHOLE 3937 2217 2725.58 2725.58 1968.5 1108.5
469 PINHOLE 3937 2217 2725.58 2725.58 1968.5 1108.5
470 PINHOLE 3937 2217 2725.58 2725.58 1968.5 1108.5
471 PINHOLE 3937 2217 2725.58 2725.58 1968.5 1108.5
472 PINHOLE 3937 2217 2725.58 2725.58 1968.5 1108.5
473 PINHOLE 3937 2217 2725.58 2725.58 1968.5 1108.5
474 PINHOLE 3937 2217 2725.58 2725.58 1968.5 1108.5
475 PINHOLE 3937 2217 2725.58 2725.58 1968.5 1108.5
476 PINHOLE 3937 2217 2725.58 2725.58 1968.5 1108.5
477 PINHOLE 3937 2217 2725.58 2725.58 1968.5 1108.5
478 PINHOLE 3937 2217 2725.58 2725.58 1968.5 1108.5
479 PINHOLE 3937 2217 2725.58 2725.58 1968.5 1108.5
480 PINHOLE 3937 2217 2725.58 2725.58 1968.5 1108.5
481 PINHOLE 3937 2217 2725.58 2725.58 1968.5 1108.5
482 PINHOLE 3937 2217 2725.58 2725.58 1968.5 1108.5
483 PINHOLE 3937 2217 2725.58 2725.58 1968.5 1108.5
484 PINHOLE 3937 2217 2725.58 2725.58 1968.5 1108.5
485 PINHOLE 3937 2217 2725.58 2725.58 1968.5 1108.5
486 PINHOLE 3937 2217 2725.58 2725.58 1968.5 1108.5
487 PINHOLE 3937 2217 2725.58 2725.58 1968.5 1108.5
488 PINHOLE 3937 2217 2725.58 2725.58 1968.5 1108.5
489 PINHOLE 3937 2217 2725.58 2725.58 1968.5 1108.5
490 PINHOLE 3937 2217 2725.58 2725.58 1968.5 1108.5
491 PINHOLE 3937 2217 2725.58 2725.58 1968.5 1108.5
492 PINHOLE 3937 2217 2725.58 2725.58 1968.5 1108.5
493 PINHOLE 3937 2217 2725.58 2725.58 1968.5 1108.5
494 PINHOLE 3937 2217 2725.58 2725.58 1968.5 1108.5
495 PINHOLE 3937 2217 2725.58 2725.58 1968.5 1108.5
496 PINHOLE 3937 2217 2725.58 2725.58 1968.5 1108.5
497 PINHOLE 3937 2217 2725.58 2725.58 1968.5 1108.5
498 PINHOLE 3937 2217 2725.58 2725.58 1968.5 1108.5
499 PINHOLE 3937 2217 2725.58 2725.58 1968.5 1108.5
500 PINHOLE 3937 2217 2725.58 2725.58 1968.5 1108.5
501 PINHOLE 3937 2217 2725.58 2725.58 1968.5 1108.5
502 PINHOLE 3937 2217 2725.58 2725.58 1968.5 1108.5
503 PINHOLE 3937 2217 2725.58 2725.58 1968.5 1108.5
504 PINHOLE 3937 2217 2725.58 2725.58 1968.5 1108.5
505 PINHOLE 3937 2217 2725.58 2725.58 1968.5 1108.5
506 PINHOLE 3937 2217 2725.58 2725.58 1968.5 1108.5
507 PINHOLE 3937 2217 2725.58 2725.58 1968.5 1108.5
508 PINHOLE 3937 2217 2725.58 2725.58 1968.5 1108.5
509 PINHOLE 3937 2217 2725.58 2725.58 1968.5 1108.5
510 PINHOLE 3937 2217 2725.58 2725.58 1968.5 1108.5
511 PINHOLE 3937 2217 2725.58 2725.58 1968.5 1108.5
512 PINHOLE 3937 2217 2725.58 2725.58 1968.5 1108.5
513 PINHOLE 3937 2217 2725.58 2725.58 1968.5 1108.5
514 PINHOLE 3937 2217 2725.58 2725.58 1968.5 1108.5
515 PINHOLE 3937 2217 2725.58 2725.58 1968.5 1108.5
516 PINHOLE 3937 2217 2725.58 2725.58 1968.5 1108.5
517 PINHOLE 3937 2217 2725.58 2725.58 1968.5 1108.5
518 PINHOLE 3937 2217 2725.58 2725.58 1968.5 1108.5
519 PINHOLE 3937 2217 2725.58 2725.58 1968.5 1108.5
520 PINHOLE 3937 2217 2725.58 2725.58 1968.5 1108.5
521 PINHOLE 3937 2217 2725.58 2725.58 1968.5 1108.5
522 PINHOLE 3937 2217 2725.58 2725.58 1968.5 1108.5
523 PINHOLE 3937 2217 2725.58 2725.58 1968.5 1108.5
524 PINHOLE 3937 2217 2725.58 2725.58 1968.5 1108.5
525 PINHOLE 3937 2217 2725.58 2725.58 1968.5 1108.5
526 PINHOLE 3937 2217 2725.58 2725.58 1968.5 1108.5
527 PINHOLE 3937 2217 2725.58 2725.58 1968.5 1108.5
528 PINHOLE 3937 2217 2725.58 2725.58 1968.5 1108.5
529 PINHOLE 3937 2217 2725.58 2725.58 1968.5 1108.5
530 PINHOLE 3937 2217 2725.58 2725.58 1968.5 1108.5
531 PINHOLE 3937 2217 2725.58 2725.58 1968.5 1108.5
532 PINHOLE 3937 2217 2725.58 2725.58 1968.5 1108.5
533 PINHOLE 3937 2217 2725.58 2725.58 1968.5 1108.5
534 PINHOLE 3937 2217 2725.58 2725.58 1968.5 1108.5
535 PINHOLE 3937 2217 2725.58 2725.58 1968.5 1108.5
536 PINHOLE 3937 2217 2725.58 2725.58 1968.5 1108.5
537 PINHOLE 3937 2217 2725.58 2725.58 1968.5 1108.5
538 PINHOLE 3937 2217 2725.58 2725.58 1968.5 1108.5
539 PINHOLE 3937 2217 2725.58 2725.58 1968.5 1108.5
540 PINHOLE 3937 2217 2725.58 2725.58 1968.5 1108.5
541 PINHOLE 3937 2217 2725.58 2725.58 1968.5 1108.5
542 PINHOLE 3937 2217 2725.58 2725.58 1968.5 1108.5
543 PINHOLE 3937 2217 2725.58 2725.58 1968.5 1108.5
544 PINHOLE 3937 2217 2725.58 2725.58 1968.5 1108.5
545 PINHOLE 3937 2217 2725.58 2725.58 1968.5 1108.5
546 PINHOLE 3937 2217 2725.58 2725.58 1968.5 1108.5
547 PINHOLE 3937 2217 2725.58 2725.58 1968.5 1108.5
548 PINHOLE 3937 2217 2725.58 2725.58 1968.5 1108.5
549 PINHOLE 3937 2217 2725.58 2725.58 1968.5 1108.5
550 PINHOLE 3937 2217 2725.58 2725.58 1968.5 1108.5
551 PINHOLE 3937 2217 2725.58 2725.58 1968.5 1108.5
552 PINHOLE 3937 2217 2725.58 2725.58 1968.5 1108.5
553 PINHOLE 3937 2217 2725.58 2725.58 1968.5 1108.5
554 PINHOLE 3937 2217 2725.58 2725.58 1968.5 1108.5
555 PINHOLE 3937 2217 2725.58 2725.58 1968.5 1108.5
556 PINHOLE 3937 2217 2725.58 2725.58 1968.5 1108.5
557 PINHOLE 3937 2217 2725.58 2725.58 1968.5 1108.5
558 PINHOLE 3937 2217 2725.58 2725.58 1968.5 1108.5
559 PINHOLE 3937 2217 2725.58 2725.58 1968.5 1108.5
560 PINHOLE 3937 2217 2725.58 2725.58 1968.5 1108.5
561 PINHOLE 3937 2217 2725.58 2725.58 1968.5 1108.5
562 PINHOLE 3937 2217 2725.58 2725.58 1968.5 1108.5
563 PINHOLE 3937 2217 2725.58 2725.58 1968.5 1108.5
564 PINHOLE 3937 2217 2725.58 2725.58 1968.5 1108.5
565 PINHOLE 3937 2217 2725.58 2725.58 1968.5 1108.5
566 PINHOLE 3937 2217 2725.58 2725.58 1968.5 1108.5
567 PINHOLE 3937 2217 2725.58 2725.58 1968.5 1108.5
568 PINHOLE 3937 2217 2725.58 2725.58 1968.5 1108.5
569 PINHOLE 3937 2217 2725.58 2725.58 1968.5 1108.5
570 PINHOLE 3937 2217 2725.58 2725.58 1968.5 1108.5
571 PINHOLE 3937 2217 2725.58 2725.58 1968.5 1108.5
572 PINHOLE 3937 2217 2725.58 2725.58 1968.5 1108.5
573 PINHOLE 3937 2217 2725.58 2725.58 1968.5 1108.5
574 PINHOLE 3937 2217 2725.58 2725.58 1968.5 1108.5
575 PINHOLE 3937 2217 2725.58 2725.58 1968.5 1108.5
576 PINHOLE 3937 2217 2725.58 2725.58 1968.5 1108.5
577 PINHOLE 3937 2217 2725.58 2725.58 1968.5 1108.5
578 PINHOLE 3937 2217 2725.58 2725.58 1968.5 1108.5
579 PINHOLE 3937 2217 2725.58 2725.58 1968.5 1108.5
580 PINHOLE 3937 2217 2725.58 2725.58 1968.5 1108.5
581 PINHOLE 3937 2217 2725.58 2725.58 1968.5 1108.5
582 PINHOLE 3937 2217 2725.58 2725.58 1968.5 1108.5
583 PINHOLE 3937 2217 2725.58 2725.58 1968.5 1108.5
584 PINHOLE 3937 2217 2725.58 2725.58 1968.5 1108.5
585 PINHOLE 3937 2217 2725.58 2725.58 1968.5 1108.5
586 PINHOLE 3937 2217 2725.58 2725.58 1968.5 1108.5
587 PINHOLE 3937 2217 2725.58 2725.58 1968.5 1108.5
588 PINHOLE 3937 2217 2725.58 2725.58 1968.5 1108.5
589 PINHOLE 3937 2217 2725.58 2725.58 1968.5 1108.5
590 PINHOLE 3937 2217 2725.58 2725.58 1968.5 1108.5
591 PINHOLE 3937 2217 2725.58 2725.58 1968.5 1108.5
592 PINHOLE 3937 2217 2725.58 2725.58 1968.5 1108.5
593 PINHOLE 3937 2217 2725.58 2725.58 1968.5 1108.5
594 PINHOLE 3937 2217 2725.58 2725.58 1968.5 1108.5
595 PINHOLE 3937 2217 2725.58 2725.58 1968.5 1108.5
596 PINHOLE 3937 2217 2725.58 2725.58 1968.5 1108.5
597 PINHOLE 3937 2217 2725.58 2725.58 1968.5 1108.5
598 PINHOLE 3937 2217 2725.58 2725.58 1968.5 1108.5
599 PINHOLE 3937 2217 2725.58 2725.58 1968.5 1108.5
600 PINHOLE 3937 2217 2725.58 2725.58 1968.5 1108.5
601 PINHOLE 3937 2217 2725.58 2725.58 1968.5 1108.5
602 PINHOLE 3937 2217 2725.58 2725.58 1968.5 1108.5
603 PINHOLE 3937 2217 2725.58 2725.58 1968.5 1108.5
604 PINHOLE 3937 2217 2725.58 2725.58 1968.5 1108.5
605 PINHOLE 3937 2217 2725.58 2725.58 1968.5 1108.5
606 PINHOLE 3937 2217 2725.58 2725.58 1968.5 1108.5
607 PINHOLE 3937 2217 2725.58 2725.58 1968.5 1108.5
608 PINHOLE 3937 2217 2725.58 2725.58 1968.5 1108.5
609 PINHOLE 3937 2217 2725.58 2725.58 1968.5 1108.5
610 PINHOLE 3937 2217 2725.58 2725.58 1968.5 1108.5
611 PINHOLE 3937 2217 2725.58 2725.58 1968.5 1108.5
612 PINHOLE 3937 2217 2725.58 2725.58 1968.5 1108.5
613 PINHOLE 3937 2217 2725.58 2725.58 1968.5 1108.5
614 PINHOLE 3937 2217 2725.58 2725.58 1968.5 1108.5
615 PINHOLE 3937 2217 2725.58 2725.58 1968.5 1108.5
616 PINHOLE 3937 2217 2725.58 2725.58 1968.5 1108.5
617 PINHOLE 3937 2217 2725.58 2725.58 1968.5 1108.5
618 PINHOLE 3937 2217 2725.58 2725.58 1968.5 1108.5
619 PINHOLE 3937 2217 2725.58 2725.58 1968.5 1108.5
620 PINHOLE 3937 2217 2725.58 2725.58 1968.5 1108.5
621 PINHOLE 3937 2217 2725.58 2725.58 1968.5 1108.5
622 PINHOLE 3937 2217 2725.58 2725.58 1968.5 1108.5
623 PINHOLE 3937 2217 2725.58 2725.58 1968.5 1108.5
624 PINHOLE 3937 2217 2725.58 2725.58 1968.5 1108.5
625 PINHOLE 3937 2217 2725.58 2725.58 1968.5 1108.5
626 PINHOLE 3937 2217 2725.58 2725.58 1968.5 1108.5
627 PINHOLE 3937 2217 2725.58 2725.58 1968.5 1108.5
628 PINHOLE 3937 2217 2725.58 2725.58 1968.5 1108.5
629 PINHOLE 3937 2217 2725.58 2725.58 1968.5 1108.5
630 PINHOLE 3937 2217 2725.58 2725.58 1968.5 1108.5
631 PINHOLE 3937 2217 2725.58 2725.58 1968.5 1108.5
632 PINHOLE 3937 2217 2725.58 2725.58 1968.5 1108.5
633 PINHOLE 3937 2217 2725.58 2725.58 1968.5 1108.5
634 PINHOLE 3937 2217 2725.58 2725.58 1968.5 1108.5
635 PINHOLE 3937 2217 2725.58 2725.58 1968.5 1108.5
636 PINHOLE 3937 2217 2725.58 2725.58 1968.5 1108.5
637 PINHOLE 3937 2217 2725.58 2725.58 1968.5 1108.5
638 PINHOLE 3937 2217 2725.58 2725.58 1968.5 1108.5
639 PINHOLE 3937 2217 2725.58 2725.58 1968.5 1108.5
640 PINHOLE 3937 2217 2725.58 2725.58 1968.5 1108.5
641 PINHOLE 3937 2217 2725.58 2725.58 1968.5 1108.5
642 PINHOLE 3937 2217 2725.58 2725.58 1968.5 1108.5
643 PINHOLE 3937 2217 2725.58 2725.58 1968.5 1108.5
644 PINHOLE 3937 2217 2725.58 2725.58 1968.5 1108.5
645 PINHOLE 3937 2217 2725.58 2725.58 1968.5 1108.5
646 PINHOLE 3937 2217 2725.58 2725.58 1968.5 1108.5
647 PINHOLE 3937 2217 2725.58 2725.58 1968.5 1108.5
648 PINHOLE 3937 2217 2725.58 2725.58 1968.5 1108.5
649 PINHOLE 3937 2217 2725.58 2725.58 1968.5 1108.5
650 PINHOLE 3937 2217 2725.58 2725.58 1968.5 1108.5
651 PINHOLE 3937 2217 2725.58 2725.58 1968.5 1108.5
652 PINHOLE 3937 2217 2725.58 2725.58 1968.5 1108.5
653 PINHOLE 3937 2217 2725.58 2725.58 1968.5 1108.5
654 PINHOLE 3937 2217 2725.58 2725.58 1968.5 1108.5
655 PINHOLE 3937 2217 2725.58 2725.58 1968.5 1108.5
656 PINHOLE 3937 2217 2725.58 2725.58 1968.5 1108.5
657 PINHOLE 3937 2217 2725.58 2725.58 1968.5 1108.5
658 PINHOLE 3937 2217 2725.58 2725.58 1968.5 1108.5
659 PINHOLE 3937 2217 2725.58 2725.58 1968.5 1108.5
660 PINHOLE 3937 2217 2725.58 2725.58 1968.5 1108.5
661 PINHOLE 3937 2217 2725.58 2725.58 1968.5 1108.5
662 PINHOLE 3937 2217 2725.58 2725.58 1968.5 1108.5
663 PINHOLE 3937 2217 2725.58 2725.58 1968.5 1108.5
664 PINHOLE 3937 2217 2725.58 2725.58 1968.5 1108.5
665 PINHOLE 3937 2217 2725.58 2725.58 1968.5 1108.5
666 PINHOLE 3937 2217 2725.58 2725.58 1968.5 1108.5
667 PINHOLE 3937 2217 2725.58 2725.58 1968.5 1108.5
668 PINHOLE 3937 2217 2725.58 2725.58 1968.5 1108.5
669 PINHOLE 3937 2217 2725.58 2725.58 1968.5 1108.5
670 PINHOLE 3937 2217 2725.58 2725.58 1968.5 1108.5
671 PINHOLE 3937 2217 2725.58 2725.58 1968.5 1108.5
672 PINHOLE 3937 2217 2725.58 2725.58 1968.5 1108.5
673 PINHOLE 3937 2217 2725.58 2725.58 1968.5 1108.5
674 PINHOLE 3937 2217 2725.58 2725.58 1968.5 1108.5
675 PINHOLE 3937 2217 2725.58 2725.58 1968.5 1108.5
676 PINHOLE 3937 2217 2725.58 2725.58 1968.5 1108.5
677 PINHOLE 3937 2217 2725.58 2725.58 1968.5 1108.5
678 PINHOLE 3937 2217 2725.58 2725.58 1968.5 1108.5
679 PINHOLE 3937 2217 2725.58 2725.58 1968.5 1108.5
680 PINHOLE 3937 2217 2725.58 2725.58 1968.5 1108.5
681 PINHOLE 3937 2217 2725.58 2725.58 1968.5 1108.5
682 PINHOLE 3937 2217 2725.58 2725.58 1968.5 1108.5
683 PINHOLE 3937 2217 2725.58 2725.58 1968.5 1108.5
684 PINHOLE 3937 2217 2725.58 2725.58 1968.5 1108.5
685 PINHOLE 3937 2217 2725.58 2725.58 1968.5 1108.5
686 PINHOLE 3937 2217 2725.58 2725.58 1968.5 1108.5
687 PINHOLE 3937 2217 2725.58 2725.58 1968.5 1108.5
688 PINHOLE 3937 2217 2725.58 2725.58 1968.5 1108.5
689 PINHOLE 3937 2217 2725.58 2725.58 1968.5 1108.5
690 PINHOLE 3937 2217 2725.58 2725.58 1968.5 1108.5
691 PINHOLE 3937 2217 2725.58 2725.58 1968.5 1108.5
692 PINHOLE 3937 2217 2725.58 2725.58 1968.5 1108.5
693 PINHOLE 3937 2217 2725.58 2725.58 1968.5 1108.5
694 PINHOLE 3937 2217 2725.58 2725.58 1968.5 1108.5
695 PINHOLE 3937 2217 2725.58 2725.58 1968.5 1108.5
696 PINHOLE 3937 2217 2725.58 2725.58 1968.5 1108.5
697 PINHOLE 3937 2217 2725.58 2725.58 1968.5 1108.5
698 PINHOLE 3937 2217 2725.58 2725.58 1968.5 1108.5
699 PINHOLE 3937 2217 2725.58 2725.58 1968.5 1108.5
700 PINHOLE 3937 2217 2725.58 2725.58 1968.5 1108.5
701 PINHOLE 3937 2217 2725.58 2725.58 1968.5 1108.5
702 PINHOLE 3937 2217 2725.58 2725.58 1968.5 1108.5
703 PINHOLE 3937 2217 2725.58 2725.58 1968.5 1108.5
704 PINHOLE 3937 2217 2725.58 2725.58 1968.5 1108.5
705 PINHOLE 3937 2217 2725.58 2725.58 1968.5 1108.5
706 PINHOLE 3937 2217 2725.58 2725.58 1968.5 1108.5
707 PINHOLE 3937 2217 2725.58 2725.58 1968.5 1108.5
708 PINHOLE 3937 2217 2725.58 2725.58 1968.5 1108.5
709 PINHOLE 3937 2217 2725.58 2725.58 1968.5 1108.5
710 PINHOLE 3937 2217 2725.58 2725.58 1968.5 1108.5
711 PINHOLE 3937 2217 2725.58 2725.58 1968.5 1108.5
712 PINHOLE 3937 2217 2725.58 2725.58 1968.5 1108.5
713 PINHOLE 3937 2217 2725.58 2725.58 1968.5 1108.5
714 PINHOLE 3937 2217 2725.58 2725.58 1968.5 1108.5
715 PINHOLE 3937 2217 2725.58 2725.58 1968.5 1108.5
716 PINHOLE 3937 2217 2725.58 2725.58 1968.5 1108.5
717 PINHOLE 3937 2217 2725.58 2725.58 1968.5 1108.5
718 PINHOLE 3937 2217 2725.58 2725.58 1968.5 1108.5
719 PINHOLE 3937 2217 2725.58 2725.58 1968.5 1108.5
720 PINHOLE 3937 2217 2725.58 2725.58 1968.5 1108.5
721 PINHOLE 3937 2217 2725.58 2725.58 1968.5 1108.5
722 PINHOLE 3937 2217 2725.58 2725.58 1968.5 1108.5
723 PINHOLE 3937 2217 2725.58 2725.58 1968.5 1108.5
724 PINHOLE 3937 2217 2725.58 2725.58 1968.5 1108.5
725 PINHOLE 3937 2217 2725.58 2725.58 1968.5 1108.5
726 PINHOLE 3937 2217 2725.58 2725.58 1968.5 1108.5
727 PINHOLE 3937 2217 2725.58 2725.58 1968.5 1108.5
728 PINHOLE 3937 2217 2725.58 2725.58 1968.5 1108.5
729 PINHOLE 3937 2217 2725.58 2725.58 1968.5 1108.5
730 PINHOLE 3937 2217 2725.58 2725.58 1968.5 1108.5
731 PINHOLE 3937 2217 2725.58 2725.58 1968.5 1108.5
732 PINHOLE 3937 2217 2725.58 2725.58 1968.5 1108.5
733 PINHOLE 3937 2217 2725.58 2725.58 1968.5 1108.5
734 PINHOLE 3937 2217 2725.58 2725.58 1968.5 1108.5
735 PINHOLE 3937 2217 2725.58 2725.58 1968.5 1108.5
736 PINHOLE 3937 2217 2725.58 2725.58 1968.5 1108.5
737 PINHOLE 3937 2217 2725.58 2725.58 1968.5 1108.5
738 PINHOLE 3937 2217 2725.58 2725.58 1968.5 1108.5
739 PINHOLE 3937 2217 2725.58 2725.58 1968.5 1108.5
740 PINHOLE 3937 2217 2725.58 2725.58 1968.5 1108.5
741 PINHOLE 3937 2217 2725.58 2725.58 1968.5 1108.5
742 PINHOLE 3937 2217 2725.58 2725.58 1968.5 1108.5
743 PINHOLE 3937 2217 2725.58 2725.58 1968.5 1108.5
744 PINHOLE 3937 2217 2725.58 2725.58 1968.5 1108.5
745 PINHOLE 3937 2217 2725.58 2725.58 1968.5 1108.5
746 PINHOLE 3937 2217 2725.58 2725.58 1968.5 1108.5
747 PINHOLE 3937 2217 2725.58 2725.58 1968.5 1108.5
748 PINHOLE 3937 2217 2725.58 2725.58 1968.5 1108.5
749 PINHOLE 3937 2217 2725.58 2725.58 1968.5 1108.5
750 PINHOLE 3937 2217 2725.58 2725.58 1968.5 1108.5
751 PINHOLE 3937 2217 2725.58 2725.58 1968.5 1108.5
752 PINHOLE 3937 2217 2725.58 2725.58 1968.5 1108.5
753 PINHOLE 3937 2217 2725.58 2725.58 1968.5 1108.5
754 PINHOLE 3937 2217 2725.58 2725.58 1968.5 1108.5
755 PINHOLE 3937 2217 2725.58 2725.58 1968.5 1108.5
756 PINHOLE 3937 2217 2725.58 2725.58 1968.5 1108.5
757 PINHOLE 3937 2217 2725.58 2725.58 1968.5 1108.5
758 PINHOLE 3937 2217 2725.58 2725.58 1968.5 1108.5
759 PINHOLE 3937 2217 2725.58 2725.58 1968.5 1108.5
760 PINHOLE 3937 2217 2725.58 2725.58 1968.5 1108.5
761 PINHOLE 3937 2217 2725.58 2725.58 1968.5 1108.5
762 PINHOLE 3937 2217 2725.58 2725.58 1968.5 1108.5
763 PINHOLE 3937 2217 2725.58 2725.58 1968.5 1108.5
764 PINHOLE 3937 2217 2725.58 2725.58 1968.5 1108.5
765 PINHOLE 3937 2217 2725.58 2725.58 1968.5 1108.5
766 PINHOLE 3937 2217 2725.58 2725.58 1968.5 1108.5
767 PINHOLE 3937 2217 2725.58 2725.58 1968.5 1108.5
768 PINHOLE 3937 2217 2725.58 2725.58 1968.5 1108.5
769 PINHOLE 3937 2217 2725.58 2725.58 1968.5 1108.5
770 PINHOLE 3937 2217 2725.58 2725.58 1968.5 1108.5
771 PINHOLE 3937 2217 2725.58 2725.58 1968.5 1108.5
772 PINHOLE 3937 2217 2725.58 2725.58 1968.5 1108.5
773 PINHOLE 3937 2217 2725.58 2725.58 1968.5 1108.5
774 PINHOLE 3937 2217 2725.58 2725.58 1968.5 1108.5
775 PINHOLE 3937 2217 2725.58 2725.58 1968.5 1108.5
776 PINHOLE 3937 2217 2725.58 2725.58 1968.5 1108.5
777 PINHOLE 3937 2217 2725.58 2725.58 1968.5 1108.5
778 PINHOLE 3937 2217 2725.58 2725.58 1968.5 1108.5
779 PINHOLE 3937 2217 2725.58 2725.58 1968.5 1108.5
780 PINHOLE 3937 2217 2725.58 2725.58 1968.5 1108.5
781 PINHOLE 3937 2217 2725.58 2725.58 1968.5 1108.5
782 PINHOLE 3937 2217 2725.58 2725.58 1968.5 1108.5
783 PINHOLE 3937 2217 2725.58 2725.58 1968.5 1108.5
784 PINHOLE 3937 2217 2725.58 2725.58 1968.5 1108.5
785 PINHOLE 3937 2217 2725.58 2725.58 1968.5 1108.5
786 PINHOLE 3937 2217 2725.58 2725.58 1968.5 1108.5
787 PINHOLE 3937 2217 2725.58 2725.58 1968.5 1108.5
788 PINHOLE 3937 2217 2725.58 2725.58 1968.5 1108.5
789 PINHOLE 3937 2217 2725.58 2725.58 1968.5 1108.5
790 PINHOLE 3937 2217 2725.58 2725.58 1968.5 1108.5
791 PINHOLE 3937 2217 2725.58 2725.58 1968.5 1108.5
792 PINHOLE 3937 2217 2725.58 2725.58 1968.5 1108.5
793 PINHOLE 3937 2217 2725.58 2725.58 1968.5 1108.5
794 PINHOLE 3937 2217 2725.58 2725.58 1968.5 1108.5
795 PINHOLE 3937 2217 2725.58 2725.58 1968.5 1108.5
796 PINHOLE 3937 2217 2725.58 2725.58 1968.5 1108.5
797 PINHOLE 3937 2217 2725.58 2725.58 1968.5 1108.5
798 PINHOLE 3937 2217 2725.58 2725.58 1968.5 1108.5
799 PINHOLE 3937 2217 2725.58 2725.58 1968.5 1108.5
800 PINHOLE 3937 2217 2725.58 2725.58 1968.5 1108.5
801 PINHOLE 3937 2217 2725.58 2725.58 1968.5 1108.5
802 PINHOLE 3937 2217 2725.58 2725.58 1968.5 1108.5
803 PINHOLE 3937 2217 2725.58 2725.58 1968.5 1108.5
804 PINHOLE 3937 2217 2725.58 2725.58 1968.5 1108.5
805 PINHOLE 3937 2217 2725.58 2725.58 1968.5 1108.5
806 PINHOLE 3937 2217 2725.58 2725.58 1968.5 1108.5
807 PINHOLE 3937 2217 2725.58 2725.58 1968.5 1108.5
808 PINHOLE 3937 2217 2725.58 2725.58 1968.5 1108.5
809 PINHOLE 3937 2217 2725.58 2725.58 1968.5 1108.5
810 PINHOLE 3937 2217 2725.58 2725.58 1968.5 1108.5
811 PINHOLE 3937 2217 2725.58 2725.58 1968.5 1108.5
812 PINHOLE 3937 2217 2725.58 2725.58 1968.5 1108.5
813 PINHOLE 3937 2217 2725.58 2725.58 1968.5 1108.5
814 PINHOLE 3937 2217 2725.58 2725.58 1968.5 1108.5
815 PINHOLE 3937 2217 2725.58 2725.58 1968.5 1108.5
816 PINHOLE 3937 2217 2725.58 2725.58 1968.5 1108.5
817 PINHOLE 3937 2217 2725.58 2725.58 1968.5 1108.5
818 PINHOLE 3937 2217 2725.58 2725.58 1968.5 1108.5
819 PINHOLE 3937 2217 2725.58 2725.58 1968.5 1108.5
820 PINHOLE 3937 2217 2725.58 2725.58 1968.5 1108.5
821 PINHOLE 3937 2217 2725.58 2725.58 1968.5 1108.5
822 PINHOLE 3937 2217 2725.58 2725.58 1968.5 1108.5
823 PINHOLE 3937 2217 2725.58 2725.58 1968.5 1108.5
824 PINHOLE 3937 2217 2725.58 2725.58 1968.5 1108.5
825 PINHOLE 3937 2217 2725.58 2725.58 1968.5 1108.5
826 PINHOLE 3937 2217 2725.58 2725.58 1968.5 1108.5
827 PINHOLE 3937 2217 2725.58 2725.58 1968.5 1108.5
828 PINHOLE 3937 2217 2725.58 2725.58 1968.5 1108.5
829 PINHOLE 3937 2217 2725.58 2725.58 1968.5 1108.5
830 PINHOLE 3937 2217 2725.58 2725.58 1968.5 1108.5
831 PINHOLE 3937 2217 2725.58 2725.58 1968.5 1108.5
832 PINHOLE 3937 2217 2725.58 2725.58 1968.5 1108.5
833 PINHOLE 3937 2217 2725.58 2725.58 1968.5 1108.5
834 PINHOLE 3937 2217 2725.58 2725.58 1968.5 1108.5
835 PINHOLE 3937 2217 2725.58 2725.58 1968.5 1108.5
836 PINHOLE 3937 2217 2725.58 2725.58 1968.5 1108.5
837 PINHOLE 3937 2217 2725.58 2725.58 1968.5 1108.5
838 PINHOLE 3937 2217 2725.58 2725.58 1968.5 1108.5
839 PINHOLE 3937 2217 2725.58 2725.58 1968.5 1108.5
840 PINHOLE 3937 2217 2725.58 2725.58 1968.5 1108.5
841 PINHOLE 3937 2217 2725.58 2725.58 1968.5 1108.5
842 PINHOLE 3937 2217 2725.58 2725.58 1968.5 1108.5
843 PINHOLE 3937 2217 2725.58 2725.58 1968.5 1108.5
844 PINHOLE 3937 2217 2725.58 2725.58 1968.5 1108.5
845 PINHOLE 3937 2217 2725.58 2725.58 1968.5 1108.5
846 PINHOLE 3937 2217 2725.58 2725.58 1968.5 1108.5
847 PINHOLE 3937 2217 2725.58 2725.58 1968.5 1108.5
848 PINHOLE 3937 2217 2725.58 2725.58 1968.5 1108.5
849 PINHOLE 3937 2217 2725.58 2725.58 1968.5 1108.5
850 PINHOLE 3937 2217 2725.58 2725.58 1968.5 1108.5
851 PINHOLE 3937 2217 2725.58 2725.58 1968.5 1108.5
852 PINHOLE 3937 2217 2725.58 2725.58 1968.5 1108.5
853 PINHOLE 3937 2217 2725.58 2725.58 1968.5 1108.5
854 PINHOLE 3937 2217 2725.58 2725.58 1968.5 1108.5
855 PINHOLE 3937 2217 2725.58 2725.58 1968.5 1108.5
856 PINHOLE 3937 2217 2725.58 2725.58 1968.5 1108.5
857 PINHOLE 3937 2217 2725.58 2725.58 1968.5 1108.5
858 PINHOLE 3937 2217 2725.58 2725.58 1968.5 1108.5
859 PINHOLE 3937 2217 2725.58 2725.58 1968.5 1108.5
860 PINHOLE 3937 2217 2725.58 2725.58 1968.5 1108.5
861 PINHOLE 3937 2217 2725.58 2725.58 1968.5 1108.5
862 PINHOLE 3937 2217 2725.58 2725.58 1968.5 1108.5
863 PINHOLE 3937 2217 2725.58 2725.58 1968.5 1108.5
864 PINHOLE 3937 2217 2725.58 2725.58 1968.5 1108.5
865 PINHOLE 3937 2217 2725.58 2725.58 1968.5 1108.5
866 PINHOLE 3937 2217 2725.58 2725.58 1968.5 1108.5
867 PINHOLE 3937 2217 2725.58 2725.58 1968.5 1108.5
868 PINHOLE 3937 2217 2725.58 2725.58 1968.5 1108.5
869 PINHOLE 3937 2217 2725.58 2725.58 1968.5 1108.5
870 PINHOLE 3937 2217 2725.58 2725.58 1968.5 1108.5
871 PINHOLE 3937 2217 2725.58 2725.58 1968.5 1108.5
872 PINHOLE 3937 2217 2725.58 2725.58 1968.5 1108.5
873 PINHOLE 3937 2217 2725.58 2725.58 1968.5 1108.5
874 PINHOLE 3937 2217 2725.58 2725.58 1968.5 1108.5
875 PINHOLE 3937 2217 2725.58 2725.58 1968.5 1108.5
876 PINHOLE 3937 2217 2725.58 2725.58 1968.5 1108.5
877 PINHOLE 3937 2217 2725.58 2725.58 1968.5 1108.5
878 PINHOLE 3937 2217 2725.58 2725.58 1968.5 1108.5
879 PINHOLE 3937 2217 2725.58 2725.58 1968.5 1108.5
880 PINHOLE 3937 2217 2725.58 2725.58 1968.5 1108.5
881 PINHOLE 3937 2217 2725.58 2725.58 1968.5 1108.5
882 PINHOLE 3937 2217 2725.58 2725.58 1968.5 1108.5
883 PINHOLE 3937 2217 2725.58 2725.58 1968.5 1108.5
884 PINHOLE 3937 2217 2725.58 2725.58 1968.5 1108.5
885 PINHOLE 3937 2217 2725.58 2725.58 1968.5 1108.5
886 PINHOLE 3937 2217 2725.58 2725.58 1968.5 1108.5
887 PINHOLE 3937 2217 2725.58 2725.58 1968.5 1108.5
888 PINHOLE 3937 2217 2725.58 2725.58 1968.5 1108.5
889 PINHOLE 3937 2217 2725.58 2725.58 1968.5 1108.5
890 PINHOLE 3937 2217 2725.58 2725.58 1968.5 1108.5
891 PINHOLE 3937 2217 2725.58 2725.58 1968.5 1108.5
892 PINHOLE 3937 2217 2725.58 2725.58 1968.5 1108.5
893 PINHOLE 3937 2217 2725.58 2725.58 1968.5 1108.5
894 PINHOLE 3937 2217 2725.58 2725.58 1968.5 1108.5
895 PINHOLE 3937 2217 2725.58 2725.58 1968.5 1108.5
896 PINHOLE 3937 2217 2725.58 2725.58 1968.5 1108.5
897 PINHOLE 3937 2217 2725.58 2725.58 1968.5 1108.5
898 PINHOLE 3937 2217 2725.58 2725.58 1968.5 1108.5
899 PINHOLE 3937 2217 2725.58 2725.58 1968.5 1108.5
900 PINHOLE 3937 2217 2725.58 2725.58 1968.5 1108.5
901 PINHOLE 3937 2217 2725.58 2725.58 1968.5 1108.5
902 PINHOLE 3937 2217 2725.58 2725.58 1968.5 1108.5
903 PINHOLE 3937 2217 2725.58 2725.58 1968.5 1108.5
904 PINHOLE 3937 2217 2725.58 2725.58 1968.5 1108.5
905 PINHOLE 3937 2217 2725.58 2725.58 1968.5 1108.5
906 PINHOLE 3937 2217 2725.58 2725.58 1968.5 1108.5
907 PINHOLE 3937 2217 2725.58 2725.58 1968.5 1108.5
908 PINHOLE 3937 2217 2725.58 2725.58 1968.5 1108.5
909 PINHOLE 3937 2217 2725.58 2725.58 1968.5 1108.5
910 PINHOLE 3937 2217 2725.58 2725.58 1968.5 1108.5
911 PINHOLE 3937 2217 2725.58 2725.58 1968.5 1108.5
912 PINHOLE 3937 2217 2725.58 2725.58 1968.5 1108.5
913 PINHOLE 3937 2217 2725.58 2725.58 1968.5 1108.5
914 PINHOLE 3937 2217 2725.58 2725.58 1968.5 1108.5
915 PINHOLE 3937 2217 2725.58 2725.58 1968.5 1108.5
916 PINHOLE 3937 2217 2725.58 2725.58 1968.5 1108.5
917 PINHOLE 3937 2217 2725.58 2725.58 1968.5 1108.5
918 PINHOLE 3937 2217 2725.58 2725.58 1968.5 1108.5
919 PINHOLE 3937 2217 2725.58 2725.58 1968.5 1108.5
920 PINHOLE 3937 2217 2725.58 2725.58 1968.5 1108.5
921 PINHOLE 3937 2217 2725.58 2725.58 1968.5 1108.5
922 PINHOLE 3937 2217 2725.58 2725.58 1968.5 1108.5
923 PINHOLE 3937 2217 2725.58 2725.58 1968.5 1108.5
924 PINHOLE 3937 2217 2725.58 2725.58 1968.5 1108.5
925 PINHOLE 3937 2217 2725.58 2725.58 1968.5 1108.5
926 PINHOLE 3937 2217 2725.58 2725.58 1968.5 1108.5
927 PINHOLE 3937 2217 2725.58 2725.58 1968.5 1108.5
928 PINHOLE 3937 2217 2725.58 2725.58 1968.5 1108.5
929 PINHOLE 3937 2217 2725.58 2725.58 1968.5 1108.5
930 PINHOLE 3937 2217 2725.58 2725.58 1968.5 1108.5
931 PINHOLE 3937 2217 2725.58 2725.58 1968.5 1108.5
932 PINHOLE 3937 2217 2725.58 2725.58 1968.5 1108.5
933 PINHOLE 3937 2217 2725.58 2725.58 1968.5 1108.5
934 PINHOLE 3937 2217 2725.58 2725.58 1968.5 1108.5
935 PINHOLE 3937 2217 2725.58 2725.58 1968.5 1108.5
936 PINHOLE 3937 2217 2725.58 2725.58 1968.5 1108.5
937 PINHOLE 3937 2217 2725.58 2725.58 1968.5 1108.5
938 PINHOLE 3937 2217 2725.58 2725.58 1968.5 1108.5
939 PINHOLE 3937 2217 2725.58 2725.58 1968.5 1108.5
940 PINHOLE 3937 2217 2725.58 2725.58 1968.5 1108.5
941 PINHOLE 3937 2217 2725.58 2725.58 1968.5 1108.5
942 PINHOLE 3937 2217 2725.58 2725.58 1968.5 1108.5
943 PINHOLE 3937 2217 2725.58 2725.58 1968.5 1108.5
944 PINHOLE 3937 2217 2725.58 2725.58 1968.5 1108.5
945 PINHOLE 3937 2217 2725.58 2725.58 1968.5 1108.5
946 PINHOLE 3937 2217 2725.58 2725.58 1968.5 1108.5
947 PINHOLE 3937 2217 2725.58 2725.58 1968.5 1108.5
948 PINHOLE 3937 2217 2725.58 2725.58 1968.5 1108.5
949 PINHOLE 3937 2217 2725.58 2725.58 1968.5 1108.5
950 PINHOLE 3937 2217 2725.58 2725.58 1968.5 1108.5
951 PINHOLE 3937 2217 2725.58 2725.58 1968.5 1108.5
952 PINHOLE 3937 2217 2725.58 2725.58 1968.5 1108.5
953 PINHOLE 3937 2217 2725.58 2725.58 1968.5 1108.5
954 PINHOLE 3937 2217 2725.58 2725.58 1968.5 1108.5
955 PINHOLE 3937 2217 2725.58 2725.58 1968.5 1108.5
956 PINHOLE 3937 2217 2725.58 2725.58 1968.5 1108.5
957 PINHOLE 3937 2217 2725.58 2725.58 1968.5 1108.5
958 PINHOLE 3937 2217 2725.58 2725.58 1968.5 1108.5
959 PINHOLE 3937 2217 2725.58 2725.58 1968.5 1108.5
960 PINHOLE 3937 2217 2725.58 2725.58 1968.5 1108.5
961 PINHOLE 3937 2217 2725.58 2725.58 1968.5 1108.5
962 PINHOLE 3937 2217 2725.58 2725.58 1968.5 1108.5
963 PINHOLE 3937 2217 2725.58 2725.58 1968.5 1108.5
964 PINHOLE 3937 2217 2725.58 2725.58 1968.5 1108.5
965 PINHOLE 3937 2217 2725.58 2725.58 1968.5 1108.5
966 PINHOLE 3937 2217 2725.58 2725.58 1968.5 1108.5
967 PINHOLE 3937 2217 2725.58 2725.58 1968.5 1108.5
968 PINHOLE 3937 2217 2725.58 2725.58 1968.5 1108.5
969 PINHOLE 3937 2217 2725.58 2725.58 1968.5 1108.5
970 PINHOLE 3937 2217 2725.58 2725.58 1968.5 1108.5
971 PINHOLE 3937 2217 2725.58 2725.58 1968.5 1108.5
972 PINHOLE 3937 2217 2725.58 2725.58 1968.5 1108.5
973 PINHOLE 3937 2217 2725.58 2725.58 1968.5 1108.5
974 PINHOLE 3937 2217 2725.58 2725.58 1968.5 1108.5
975 PINHOLE 3937 2217 2725.58 2725.58 1968.5 1108.5
976 PINHOLE 3937 2217 2725.58 2725.58 1968.5 1108.5
977 PINHOLE 3937 2217 2725.58 2725.58 1968.5 1108.5
978 PINHOLE 3937 2217 2725.58 2725.58 1968.5 1108.5
979 PINHOLE 3937 2217 2725.58 2725.58 1968.5 1108.5
980 PINHOLE 3937 2217 2725.58 2725.58 1968.5 1108.5
981 PINHOLE 3937 2217 2725.58 2725.58 1968.5 1108.5
982 PINHOLE 3937 2217 2725.58 2725.58 1968.5 1108.5
983 PINHOLE 3937 2217 2725.58 2725.58 1968.5 1108.5
984 PINHOLE 3937 2217 2725.58 2725.58 1968.5 1108.5
985 PINHOLE 3937 2217 2725.58 2725.58 1968.5 1108.5
986 PINHOLE 3937 2217 2725.58 2725.58 1968.5 1108.5
987 PINHOLE 3937 2217 2725.58 2725.58 1968.5 1108.5
988 PINHOLE 3937 2217 2725.58 2725.58 1968.5 1108.5
989 PINHOLE 3937 2217 2725.58 2725.58 1968.5 1108.5
990 PINHOLE 3937 2217 2725.58 2725.58 1968.5 1108.5
991 PINHOLE 3937 2217 2725.58 2725.58 1968.5 1108.5
992 PINHOLE 3937 2217 2725.58 2725.58 1968.5 1108.5
993 PINHOLE 3937 2217 2725.58 2725.58 1968.5 1108.5
994 PINHOLE 3937 2217 2725.58 2725.58 1968.5 1108.5
995 PINHOLE 3937 2217 2725.58 2725.58 1968.5 1108.5
996 PINHOLE 3937 2217 2725.58 2725.58 1968.5 1108.5
997 PINHOLE 3937 2217 2725.58 2725.58 1968.5 1108.5
998 PINHOLE 3937 2217 2725.58 2725.58 1968.5 1108.5
999 PINHOLE 3937 2217 2725.58 2725.58 1968.5 1108.5
1000 PINHOLE 3937 2217 2725.58 2725.58 1968.5 1108.5
1001 PINHOLE 3937 2217 2725.58 2725.58 1968.5 1108.5
1002 PINHOLE 3937 2217 2725.58 2725.58 1968.5 1108.5
1003 PINHOLE 3937 2217 2725.58 2725.58 1968.5 1108.5
1004 PINHOLE 3937 2217 2725.58 2725.58 1968.5 1108.5
1005 PINHOLE 3937 2217 2725.58 2725.58 1968.5 1108.5
1006 PINHOLE 3937 2217 2725.58 2725.58 1968.5 1108.5
1007 PINHOLE 3937 2217 2725.58 2725.58 1968.5 1108.5
1008 PINHOLE 3937 2217 2725.58 2725.58 1968.5 1108.5
1009 PINHOLE 3937 2217 2725.58 2725.58 1968.5 1108.5
1010 PINHOLE 3937 2217 2725.58 2725.58 1968.5 1108.5
1011 PINHOLE 3937 2217 2725.58 2725.58 1968.5 1108.5
1012 PINHOLE 3937 2217 2725.58 2725.58 1968.5 1108.5
1013 PINHOLE 3937 2217 2725.58 2725.58 1968.5 1108.5
1014 PINHOLE 3937 2217 2725.58 2725.58 1968.5 1108.5
1015 PINHOLE 3937 2217 2725.58 2725.58 1968.5 1108.5
1016 PINHOLE 3937 2217 2725.58 2725.58 1968.5 1108.5

