# Image list with two lines of data per image:
#   IMAGE_ID, QW, QX, QY, QZ, TX, TY, TZ, CAMERA_ID, NAME
#   POINTS2D[] as (X, Y, POINT3D_ID)
0 -0.167328 0.0583344 -0.754246 -0.632227 0.231348 -2.39815 1.96733 0 00000000.png

1 -0.170297 0.0587233 -0.754011 -0.631678 0.236621 -2.39898 1.96868 1 00000000.png

2 -0.173264 0.0591116 -0.753769 -0.631124 0.241884 -2.39991 1.97017 2 00000000.png

3 -0.176229 0.0594994 -0.75352 -0.630563 0.247135 -2.40093 1.97181 3 00000000.png

4 -0.179193 0.0598867 -0.753264 -0.629997 0.252373 -2.40204 1.97359 4 00000000.png

5 -0.182155 0.0602734 -0.753001 -0.629425 0.257594 -2.40325 1.97552 5 00000000.png

6 -0.185115 0.0606595 -0.752731 -0.628847 0.262799 -2.40456 1.9776 6 00000000.png

7 -0.188074 0.0610451 -0.752454 -0.628263 0.267985 -2.40595 1.97983 7 00000000.png

8 -0.191031 0.0614301 -0.75217 -0.627674 0.273149 -2.40744 1.9822 8 00000000.png

9 -0.193986 0.0618145 -0.751879 -0.627078 0.278289 -2.40903 1.98471 9 00000000.png

10 -0.196939 0.0621984 -0.75158 -0.626477 0.283404 -2.41071 1.98738 10 00000000.png

11 -0.19989 0.0625816 -0.751275 -0.62587 0.288493 -2.41248 1.99019 11 00000000.png

12 -0.20284 0.0629643 -0.750963 -0.625257 0.293552 -2.41434 1.99314 12 00000000.png

13 -0.205788 0.0633464 -0.750644 -0.624638 0.29858 -2.4163 1.99624 13 00000000.png

14 -0.208734 0.0637279 -0.750318 -0.624013 0.303576 -2.41835 1.99949 14 00000000.png

15 -0.211677 0.0641088 -0.749985 -0.623383 0.308537 -2.4205 2.00288 15 00000000.png

16 -0.214619 0.0644892 -0.749644 -0.622746 0.313461 -2.42273 2.00642 16 00000000.png

17 -0.217559 0.0648689 -0.749297 -0.622104 0.318346 -2.42506 2.0101 17 00000000.png

18 -0.220497 0.065248 -0.748943 -0.621456 0.323191 -2.42747 2.01393 18 00000000.png

19 -0.223433 0.0656265 -0.748582 -0.620803 0.327993 -2.42999 2.0179 19 00000000.png

20 -0.226366 0.0660044 -0.748214 -0.620143 0.332751 -2.43259 2.02202 20 00000000.png

21 -0.229298 0.0663817 -0.747839 -0.619478 0.337463 -2.43528 2.02628 21 00000000.png

22 -0.232228 0.0667583 -0.747457 -0.618807 0.342127 -2.43806 2.03068 22 00000000.png

23 -0.235155 0.0671344 -0.747068 -0.61813 0.346741 -2.44093 2.03523 23 00000000.png

24 -0.23808 0.0675098 -0.746672 -0.617447 0.351302 -2.4439 2.03992 24 00000000.png

25 -0.241003 0.0678845 -0.746269 -0.616759 0.35581 -2.44695 2.04475 25 00000000.png

26 -0.246842 0.0686322 -0.745442 -0.615365 0.364657 -2.45332 2.05485 26 00000000.png

27 -0.248713 0.0686969 -0.745161 -0.614945 0.370579 -2.45341 2.05871 27 00000000.png

28 -0.250584 0.0687613 -0.744877 -0.614522 0.376483 -2.45356 2.06264 28 00000000.png

29 -0.252453 0.0688255 -0.744591 -0.614097 0.382367 -2.45376 2.06665 29 00000000.png

30 -0.254322 0.0688894 -0.744301 -0.61367 0.388231 -2.45403 2.07073 30 00000000.png

31 -0.256189 0.068953 -0.744009 -0.61324 0.394075 -2.45434 2.07488 31 00000000.png

32 -0.258056 0.0690164 -0.743713 -0.612808 0.399898 -2.45472 2.0791 32 00000000.png

33 -0.259922 0.0690795 -0.743415 -0.612374 0.405698 -2.45515 2.0834 33 00000000.png

34 -0.261786 0.0691424 -0.743115 -0.611938 0.411476 -2.45564 2.08777 34 00000000.png

35 -0.26365 0.069205 -0.742811 -0.611499 0.417231 -2.45618 2.09222 35 00000000.png

36 -0.265513 0.0692673 -0.742505 -0.611058 0.422962 -2.45678 2.09674 36 00000000.png

37 -0.267375 0.0693294 -0.742196 -0.610614 0.428668 -2.45743 2.10133 37 00000000.png

38 -0.269235 0.0693913 -0.741884 -0.610169 0.43435 -2.45814 2.10599 38 00000000.png

39 -0.271095 0.0694528 -0.741569 -0.609721 0.440006 -2.45891 2.11072 39 00000000.png

40 -0.272954 0.0695141 -0.741252 -0.60927 0.445635 -2.45973 2.11553 40 00000000.png

41 -0.274811 0.0695751 -0.740931 -0.608818 0.451239 -2.4606 2.12041 41 00000000.png

42 -0.276668 0.0696359 -0.740608 -0.608363 0.456813 -2.46154 2.12536 42 00000000.png

43 -0.278524 0.0696964 -0.740282 -0.607906 0.462361 -2.46252 2.13039 43 00000000.png

44 -0.280378 0.0697567 -0.739954 -0.607446 0.467879 -2.46357 2.13548 44 00000000.png

45 -0.282232 0.0698167 -0.739622 -0.606984 0.473368 -2.46467 2.14065 45 00000000.png

46 -0.284084 0.0698764 -0.739288 -0.60652 0.478827 -2.46582 2.14589 46 00000000.png

47 -0.285935 0.0699359 -0.738951 -0.606054 0.484256 -2.46703 2.1512 47 00000000.png

48 -0.287786 0.0699951 -0.738611 -0.605585 0.489653 -2.46829 2.15659 48 00000000.png

49 -0.289635 0.070054 -0.738269 -0.605115 0.495018 -2.46961 2.16204 49 00000000.png

50 -0.291483 0.0701127 -0.737923 -0.604641 0.500351 -2.47098 2.16757 50 00000000.png

51 -0.29333 0.0701711 -0.737575 -0.604166 0.505651 -2.47241 2.17316 51 00000000.png

52 -0.295176 0.0702293 -0.737224 -0.603688 0.510917 -2.47389 2.17883 52 00000000.png

53 -0.297021 0.0702871 -0.736871 -0.603208 0.516148 -2.47542 2.18457 53 00000000.png

54 -0.298864 0.0703448 -0.736514 -0.602726 0.521345 -2.47701 2.19038 54 00000000.png

55 -0.302548 0.0704592 -0.735793 -0.601755 0.531631 -2.48035 2.2022 55 00000000.png

56 -0.306196 0.0701527 -0.734607 -0.601394 0.526152 -2.47907 2.18919 56 00000000.png

57 -0.309839 0.0698451 -0.733411 -0.601024 0.520859 -2.47781 2.17628 57 00000000.png

58 -0.313477 0.0695365 -0.732203 -0.600646 0.515751 -2.47658 2.16346 58 00000000.png

59 -0.317111 0.0692269 -0.730985 -0.600258 0.510826 -2.47539 2.15074 59 00000000.png

60 -0.32074 0.0689162 -0.729755 -0.599861 0.506081 -2.47423 2.13811 60 00000000.png

61 -0.324364 0.0686045 -0.728515 -0.599456 0.501516 -2.47311 2.12559 61 00000000.png

62 -0.327984 0.0682918 -0.727264 -0.599041 0.497127 -2.47202 2.11317 62 00000000.png

63 -0.331598 0.067978 -0.726002 -0.598618 0.492915 -2.47097 2.10085 63 00000000.png

64 -0.335208 0.0676632 -0.724729 -0.598185 0.488875 -2.46996 2.08864 64 00000000.png

65 -0.338812 0.0673475 -0.723445 -0.597744 0.485007 -2.469 2.07653 65 00000000.png

66 -0.342412 0.0670307 -0.722151 -0.597294 0.481308 -2.46808 2.06453 66 00000000.png

67 -0.346006 0.0667129 -0.720845 -0.596834 0.477777 -2.4672 2.05263 67 00000000.png

68 -0.349595 0.0663941 -0.719529 -0.596366 0.474412 -2.46637 2.04085 68 00000000.png

69 -0.353179 0.0660743 -0.718202 -0.595889 0.47121 -2.46559 2.02918 69 00000000.png

70 -0.356758 0.0657536 -0.716865 -0.595403 0.46817 -2.46487 2.01762 70 00000000.png

71 -0.360331 0.0654318 -0.715517 -0.594908 0.465288 -2.46419 2.00617 71 00000000.png

72 -0.363899 0.0651091 -0.714158 -0.594405 0.462564 -2.46357 1.99484 72 00000000.png

73 -0.367462 0.0647854 -0.712788 -0.593892 0.459996 -2.463 1.98363 73 00000000.png

74 -0.371019 0.0644608 -0.711408 -0.593371 0.45758 -2.46249 1.97253 74 00000000.png

75 -0.37457 0.0641351 -0.710017 -0.59284 0.455316 -2.46204 1.96155 75 00000000.png

76 -0.378116 0.0638086 -0.708616 -0.592301 0.4532 -2.46165 1.95069 76 00000000.png

77 -0.381656 0.063481 -0.707204 -0.591753 0.45123 -2.46131 1.93995 77 00000000.png

78 -0.385191 0.0631526 -0.705781 -0.591196 0.449405 -2.46105 1.92933 78 00000000.png

79 -0.38872 0.0628231 -0.704348 -0.59063 0.447723 -2.46085 1.91883 79 00000000.png

80 -0.392243 0.0624928 -0.702904 -0.590056 0.44618 -2.46071 1.90846 80 00000000.png

81 -0.39576 0.0621615 -0.70145 -0.589473 0.444775 -2.46064 1.89821 81 00000000.png

82 -0.399271 0.0618293 -0.699985 -0.588881 0.443505 -2.46064 1.88809 82 00000000.png

83 -0.402776 0.0614961 -0.69851 -0.58828 0.442369 -2.46071 1.8781 83 00000000.png

84 -0.409769 0.060827 -0.695529 -0.587051 0.440486 -2.46107 1.85849 84 00000000.png

85 -0.419665 0.0576077 -0.690357 -0.58649 0.417253 -2.44179 1.87875 85 00000000.png

86 -0.429504 0.0543805 -0.685091 -0.585849 0.394176 -2.42335 1.89984 86 00000000.png

87 -0.439285 0.0511459 -0.679732 -0.585129 0.371197 -2.40576 1.92177 87 00000000.png

88 -0.449006 0.0479045 -0.674282 -0.58433 0.348262 -2.38905 1.94451 88 00000000.png

89 -0.458667 0.0446565 -0.668741 -0.583452 0.325314 -2.37324 1.96804 89 00000000.png

90 -0.468266 0.0414025 -0.663108 -0.582495 0.302296 -2.35834 1.99235 90 00000000.png

91 -0.477801 0.0381429 -0.657386 -0.581459 0.279155 -2.34436 2.01742 91 00000000.png

92 -0.487272 0.0348781 -0.651575 -0.580344 0.25583 -2.33132 2.04322 92 00000000.png

93 -0.496676 0.0316086 -0.645676 -0.579151 0.232269 -2.31923 2.06975 93 00000000.png

94 -0.506014 0.0283348 -0.63969 -0.577879 0.208415 -2.3081 2.09696 94 00000000.png

95 -0.515283 0.0250572 -0.633617 -0.576529 0.18421 -2.29793 2.12484 95 00000000.png

96 -0.524482 0.0217762 -0.627458 -0.575101 0.159601 -2.28874 2.15336 96 00000000.png

97 -0.53361 0.0184923 -0.621214 -0.573596 0.134534 -2.28052 2.1825 97 00000000.png

98 -0.542666 0.0152058 -0.614886 -0.572012 0.108952 -2.27329 2.21221 98 00000000.png

99 -0.551648 0.0119173 -0.608475 -0.570351 0.0828027 -2.26703 2.24249 99 00000000.png

100 -0.560556 0.00862719 -0.601981 -0.568613 0.056032 -2.26175 2.27328 100 00000000.png

101 -0.569388 0.0053359 -0.595406 -0.566798 0.0285882 -2.25745 2.30457 101 00000000.png

102 -0.578143 0.00204389 -0.588751 -0.564906 0.000418544 -2.25412 2.33631 102 00000000.png

103 -0.586819 -0.0012484 -0.582016 -0.562938 -0.0285278 -2.25176 2.36847 103 00000000.png

104 -0.595417 -0.00454052 -0.575202 -0.560894 -0.0583025 -2.25036 2.40102 104 00000000.png

105 -0.603933 -0.00783203 -0.56831 -0.558773 -0.0889537 -2.2499 2.43391 105 00000000.png

106 -0.612368 -0.0111225 -0.561341 -0.556577 -0.120532 -2.25038 2.46712 106 00000000.png

107 -0.62072 -0.0144114 -0.554296 -0.554306 -0.153082 -2.25179 2.5006 107 00000000.png

108 -0.628988 -0.0176984 -0.547176 -0.55196 -0.186652 -2.2541 2.5343 108 00000000.png

109 -0.637171 -0.020983 -0.539982 -0.549539 -0.221289 -2.25731 2.5682 109 00000000.png

110 -0.645267 -0.0242647 -0.532715 -0.547043 -0.257034 -2.26139 2.60225 110 00000000.png

111 -0.653276 -0.0275432 -0.525376 -0.544473 -0.293933 -2.26632 2.6364 111 00000000.png

112 -0.661197 -0.030818 -0.517966 -0.54183 -0.332026 -2.27209 2.67061 112 00000000.png

113 -0.676769 -0.0373545 -0.502936 -0.536324 -0.411958 -2.28603 2.73905 113 00000000.png

114 -0.678824 -0.0366038 -0.502586 -0.534102 -0.405642 -2.28805 2.72458 114 00000000.png

115 -0.680873 -0.0358527 -0.502232 -0.531874 -0.399279 -2.29031 2.71026 115 00000000.png

116 -0.682915 -0.0351013 -0.501872 -0.529641 -0.392874 -2.29282 2.69609 116 00000000.png

117 -0.68495 -0.0343496 -0.501508 -0.527403 -0.38643 -2.29557 2.68206 117 00000000.png

118 -0.686978 -0.0335975 -0.501139 -0.525159 -0.379948 -2.29857 2.66818 118 00000000.png

119 -0.689 -0.0328451 -0.500764 -0.52291 -0.373432 -2.30181 2.65445 119 00000000.png

120 -0.691015 -0.0320923 -0.500385 -0.520657 -0.366885 -2.30529 2.64087 120 00000000.png

121 -0.693023 -0.0313393 -0.500001 -0.518398 -0.360309 -2.30902 2.62744 121 00000000.png

122 -0.695024 -0.0305859 -0.499612 -0.516134 -0.353707 -2.31299 2.61417 122 00000000.png

123 -0.697019 -0.0298322 -0.499218 -0.513864 -0.347081 -2.3172 2.60105 123 00000000.png

124 -0.699006 -0.0290783 -0.498819 -0.51159 -0.340435 -2.32165 2.58809 124 00000000.png

125 -0.700987 -0.028324 -0.498415 -0.509311 -0.333771 -2.32633 2.57529 125 00000000.png

126 -0.70296 -0.0275695 -0.498007 -0.507027 -0.327093 -2.33126 2.56264 126 00000000.png

127 -0.704927 -0.0268147 -0.497593 -0.504738 -0.320401 -2.33643 2.55016 127 00000000.png

128 -0.706887 -0.0260596 -0.497174 -0.502443 -0.313699 -2.34183 2.53783 128 00000000.png

129 -0.70884 -0.0253043 -0.496751 -0.500144 -0.306992 -2.34746 2.52567 129 00000000.png

130 -0.710786 -0.0245488 -0.496323 -0.49784 -0.300279 -2.35334 2.51368 130 00000000.png

131 -0.712725 -0.0237929 -0.495889 -0.495531 -0.293564 -2.35944 2.50185 131 00000000.png

132 -0.714657 -0.0230369 -0.495451 -0.493217 -0.286853 -2.36578 2.49018 132 00000000.png

133 -0.716581 -0.0222806 -0.495008 -0.490899 -0.280144 -2.37236 2.47868 133 00000000.png

134 -0.718499 -0.0215241 -0.49456 -0.488575 -0.273442 -2.37916 2.46735 134 00000000.png

135 -0.72041 -0.0207674 -0.494108 -0.486247 -0.26675 -2.3862 2.45619 135 00000000.png

136 -0.722314 -0.0200105 -0.49365 -0.483913 -0.260069 -2.39346 2.44521 136 00000000.png

137 -0.72421 -0.0192534 -0.493188 -0.481576 -0.253404 -2.40095 2.43439 137 00000000.png

138 -0.7261 -0.0184961 -0.49272 -0.479233 -0.246756 -2.40867 2.42375 138 00000000.png

139 -0.727982 -0.0177386 -0.492248 -0.476885 -0.240129 -2.41662 2.41328 139 00000000.png

140 -0.729857 -0.016981 -0.491771 -0.474533 -0.233523 -2.42479 2.40298 140 00000000.png

141 -0.731725 -0.0162232 -0.491289 -0.472177 -0.226944 -2.43319 2.39286 141 00000000.png

142 -0.735439 -0.0147071 -0.490311 -0.467449 -0.213876 -2.45064 2.37316 142 00000000.png

143 -0.743527 -0.014609 -0.484984 -0.460157 -0.242282 -2.43461 2.34962 143 00000000.png

144 -0.751505 -0.0145087 -0.479586 -0.452798 -0.269535 -2.41918 2.32643 144 00000000.png

145 -0.759374 -0.0144064 -0.474118 -0.445372 -0.295683 -2.40437 2.30361 145 00000000.png

146 -0.76713 -0.0143019 -0.46858 -0.437881 -0.320775 -2.39022 2.28121 146 00000000.png

147 -0.774774 -0.0141953 -0.462973 -0.430325 -0.344863 -2.37673 2.25924 147 00000000.png

148 -0.782304 -0.0140866 -0.457298 -0.422706 -0.368 -2.36394 2.23773 148 00000000.png

149 -0.789719 -0.0139759 -0.451556 -0.415025 -0.39024 -2.35187 2.2167 149 00000000.png

150 -0.797018 -0.0138631 -0.445747 -0.407283 -0.411637 -2.34053 2.19618 150 00000000.png

151 -0.8042 -0.0137482 -0.439873 -0.399481 -0.432246 -2.32994 2.1762 151 00000000.png

152 -0.811264 -0.0136314 -0.433934 -0.39162 -0.452125 -2.32011 2.15676 152 00000000.png

153 -0.818208 -0.0135125 -0.427932 -0.383702 -0.471328 -2.31107 2.13789 153 00000000.png

154 -0.825032 -0.0133917 -0.421866 -0.375727 -0.489916 -2.30281 2.11961 154 00000000.png

155 -0.831735 -0.0132689 -0.415739 -0.367698 -0.507944 -2.29535 2.10193 155 00000000.png

156 -0.838316 -0.0131441 -0.409551 -0.359614 -0.525471 -2.2887 2.08487 156 00000000.png

157 -0.844773 -0.0130174 -0.403302 -0.351477 -0.542558 -2.28286 2.06845 157 00000000.png

158 -0.851107 -0.0128888 -0.396994 -0.343289 -0.559262 -2.27784 2.05266 158 00000000.png

159 -0.857315 -0.0127583 -0.390628 -0.33505 -0.575644 -2.27364 2.03754 159 00000000.png

160 -0.863397 -0.0126259 -0.384204 -0.326762 -0.591763 -2.27026 2.02307 160 00000000.png

161 -0.869353 -0.0124917 -0.377724 -0.318426 -0.60768 -2.2677 2.00928 161 00000000.png

162 -0.87518 -0.0123556 -0.371188 -0.310043 -0.623454 -2.26596 1.99616 162 00000000.png

163 -0.880879 -0.0122177 -0.364598 -0.301614 -0.639144 -2.26504 1.98373 163 00000000.png

164 -0.886449 -0.012078 -0.357954 -0.293141 -0.654811 -2.26492 1.97199 164 00000000.png

165 -0.891888 -0.0119366 -0.351258 -0.284626 -0.670515 -2.2656 1.96093 165 00000000.png

166 -0.897196 -0.0117934 -0.344509 -0.276068 -0.686313 -2.26708 1.95055 166 00000000.png

167 -0.902372 -0.0116484 -0.337711 -0.26747 -0.702266 -2.26933 1.94087 167 00000000.png

168 -0.907416 -0.0115018 -0.330862 -0.258832 -0.718433 -2.27235 1.93186 168 00000000.png

169 -0.912326 -0.0113534 -0.323966 -0.250156 -0.734869 -2.27612 1.92354 169 00000000.png

170 -0.917103 -0.0112034 -0.317021 -0.241444 -0.751636 -2.28062 1.91589 170 00000000.png

171 -0.92625 -0.0108984 -0.302993 -0.223914 -0.786377 -2.29177 1.90257 171 00000000.png

172 -0.927519 -0.00947542 -0.300656 -0.221868 -0.783328 -2.30206 1.9343 172 00000000.png

173 -0.928775 -0.00805227 -0.298315 -0.219818 -0.780729 -2.31226 1.96625 173 00000000.png

174 -0.930019 -0.00662901 -0.29597 -0.217766 -0.778586 -2.32237 1.99842 174 00000000.png

175 -0.931251 -0.00520567 -0.293621 -0.215711 -0.7769 -2.33239 2.0308 175 00000000.png

176 -0.932471 -0.00378226 -0.291268 -0.213652 -0.775671 -2.34231 2.0634 176 00000000.png

177 -0.933678 -0.00235879 -0.288911 -0.211591 -0.774902 -2.35213 2.0962 177 00000000.png

178 -0.934872 -0.000935297 -0.28655 -0.209528 -0.774595 -2.36184 2.1292 178 00000000.png

179 -0.936055 0.00048821 -0.284186 -0.207461 -0.774751 -2.37144 2.1624 179 00000000.png

180 -0.937224 0.00191171 -0.281817 -0.205392 -0.775372 -2.38093 2.1958 180 00000000.png

181 -0.938382 0.00333519 -0.279445 -0.20332 -0.77646 -2.3903 2.22938 181 00000000.png

182 -0.939526 0.00475862 -0.27707 -0.201245 -0.778015 -2.39955 2.26315 182 00000000.png

183 -0.940659 0.00618198 -0.27469 -0.199168 -0.780041 -2.40868 2.2971 183 00000000.png

184 -0.941779 0.00760527 -0.272307 -0.197087 -0.782537 -2.41768 2.33123 184 00000000.png

185 -0.942886 0.00902845 -0.269921 -0.195005 -0.785505 -2.42655 2.36552 185 00000000.png

186 -0.943981 0.0104515 -0.26753 -0.19292 -0.788948 -2.43529 2.39999 186 00000000.png

187 -0.945063 0.0118744 -0.265137 -0.190832 -0.792865 -2.44389 2.43461 187 00000000.png

188 -0.946133 0.0132972 -0.262739 -0.188741 -0.797258 -2.45235 2.4694 188 00000000.png

189 -0.94719 0.0147198 -0.260338 -0.186648 -0.802129 -2.46067 2.50433 189 00000000.png

190 -0.948235 0.0161422 -0.257934 -0.184553 -0.807478 -2.46883 2.53942 190 00000000.png

191 -0.949267 0.0175644 -0.255527 -0.182455 -0.813306 -2.47685 2.57465 191 00000000.png

192 -0.950286 0.0189863 -0.253115 -0.180355 -0.819615 -2.48471 2.61001 192 00000000.png

193 -0.951293 0.020408 -0.250701 -0.178252 -0.826406 -2.49242 2.64551 193 00000000.png

194 -0.952287 0.0218294 -0.248283 -0.176147 -0.833679 -2.49996 2.68114 194 00000000.png

195 -0.953269 0.0232506 -0.245862 -0.17404 -0.841435 -2.50734 2.7169 195 00000000.png

196 -0.954237 0.0246714 -0.243438 -0.17193 -0.849675 -2.51455 2.75278 196 00000000.png

197 -0.955194 0.0260919 -0.24101 -0.169818 -0.858401 -2.52158 2.78877 197 00000000.png

198 -0.956137 0.0275121 -0.238579 -0.167704 -0.867611 -2.52845 2.82487 198 00000000.png

199 -0.957068 0.0289318 -0.236146 -0.165588 -0.877308 -2.53513 2.86107 199 00000000.png

200 -0.958891 0.0317702 -0.231268 -0.161348 -0.898162 -2.54795 2.93378 200 00000000.png

201 -0.960185 0.0316749 -0.227776 -0.158615 -0.884617 -2.55677 2.92077 201 00000000.png

202 -0.961459 0.0315789 -0.224279 -0.155878 -0.871055 -2.56593 2.90823 202 00000000.png

203 -0.962712 0.0314822 -0.220777 -0.153138 -0.857489 -2.57543 2.89614 203 00000000.png

204 -0.963945 0.0313848 -0.21727 -0.150395 -0.843925 -2.58528 2.88452 204 00000000.png

205 -0.965157 0.0312868 -0.213759 -0.147648 -0.830374 -2.59547 2.87337 205 00000000.png

206 -0.966349 0.0311881 -0.210243 -0.144899 -0.816845 -2.60599 2.86268 206 00000000.png

207 -0.967519 0.0310887 -0.206723 -0.142146 -0.80335 -2.61686 2.85245 207 00000000.png

208 -0.96867 0.0309886 -0.203198 -0.13939 -0.789894 -2.62807 2.84268 208 00000000.png

209 -0.969799 0.0308879 -0.199669 -0.136631 -0.776489 -2.63963 2.83338 209 00000000.png

210 -0.970908 0.0307866 -0.196136 -0.133869 -0.763145 -2.65152 2.82453 210 00000000.png

211 -0.971996 0.0306846 -0.192598 -0.131105 -0.749871 -2.66375 2.81615 211 00000000.png

212 -0.973063 0.0305819 -0.189057 -0.128337 -0.736676 -2.67632 2.80822 212 00000000.png

213 -0.97411 0.0304786 -0.185511 -0.125567 -0.72357 -2.68922 2.80074 213 00000000.png

214 -0.975135 0.0303746 -0.181961 -0.122794 -0.710561 -2.70247 2.79373 214 00000000.png

215 -0.97614 0.03027 -0.178408 -0.120019 -0.69766 -2.71605 2.78716 215 00000000.png

216 -0.977124 0.0301647 -0.174851 -0.117241 -0.684875 -2.72996 2.78105 216 00000000.png

217 -0.978088 0.0300588 -0.17129 -0.11446 -0.672217 -2.74421 2.77539 217 00000000.png

218 -0.97903 0.0299522 -0.167725 -0.111677 -0.659693 -2.75879 2.77017 218 00000000.png

219 -0.979951 0.029845 -0.164157 -0.108892 -0.647314 -2.77371 2.76541 219 00000000.png

220 -0.980852 0.0297372 -0.160585 -0.106104 -0.635089 -2.78895 2.76109 220 00000000.png

221 -0.981731 0.0296287 -0.15701 -0.103315 -0.623027 -2.80453 2.75721 221 00000000.png

222 -0.98259 0.0295196 -0.153431 -0.100522 -0.611136 -2.82043 2.75377 222 00000000.png

223 -0.983428 0.0294099 -0.149849 -0.0977281 -0.599427 -2.83666 2.75077 223 00000000.png

224 -0.984244 0.0292995 -0.146264 -0.0949317 -0.587908 -2.85321 2.74821 224 00000000.png

225 -0.98504 0.0291886 -0.142676 -0.0921334 -0.576589 -2.87009 2.74608 225 00000000.png

226 -0.985814 0.0290769 -0.139085 -0.089333 -0.565478 -2.88728 2.74438 226 00000000.png

227 -0.986568 0.0289647 -0.13549 -0.0865307 -0.554584 -2.9048 2.74312 227 00000000.png

228 -0.9873 0.0288519 -0.131893 -0.0837266 -0.543916 -2.92263 2.74227 228 00000000.png

229 -0.988702 0.0286244 -0.124691 -0.0781129 -0.523296 -2.95925 2.74185 229 00000000.png

230 -0.989589 0.032423 -0.119331 -0.0736436 -0.532961 -2.95531 2.75788 230 00000000.png

231 -0.990412 0.0362196 -0.113963 -0.0691695 -0.542948 -2.95152 2.77446 231 00000000.png

232 -0.991172 0.0400139 -0.108589 -0.0646909 -0.553278 -2.94786 2.79159 232 00000000.png

233 -0.991869 0.0438056 -0.103207 -0.0602082 -0.563967 -2.94433 2.80926 233 00000000.png

234 -0.992503 0.0475946 -0.0978187 -0.0557216 -0.575033 -2.94091 2.82747 234 00000000.png

235 -0.993073 0.0513804 -0.0924241 -0.0512315 -0.586495 -2.93758 2.84622 235 00000000.png

236 -0.993579 0.055163 -0.0870236 -0.0467381 -0.598369 -2.93433 2.86551 236 00000000.png

237 -0.994022 0.0589421 -0.0816176 -0.0422418 -0.610674 -2.93114 2.88533 237 00000000.png

238 -0.994402 0.0627174 -0.0762063 -0.0377427 -0.623426 -2.92801 2.90567 238 00000000.png

239 -0.994718 0.0664887 -0.0707902 -0.0332412 -0.636642 -2.92491 2.92654 239 00000000.png

240 -0.99497 0.0702558 -0.0653695 -0.0287376 -0.650338 -2.92184 2.94791 240 00000000.png

241 -0.995159 0.0740183 -0.0599447 -0.0242321 -0.664532 -2.91877 2.96979 241 00000000.png

242 -0.995284 0.0777762 -0.0545161 -0.0197251 -0.679238 -2.91569 2.99218 242 00000000.png

243 -0.995345 0.081529 -0.0490839 -0.0152168 -0.694474 -2.91258 3.01505 243 00000000.png

244 -0.995343 0.0852767 -0.0436486 -0.0107076 -0.710254 -2.90944 3.03841 244 00000000.png

245 -0.995277 0.0890189 -0.0382106 -0.00619769 -0.726594 -2.90624 3.06225 245 00000000.png

246 -0.995148 0.0927554 -0.03277 -0.00168738 -0.743509 -2.90297 3.08656 246 00000000.png

247 -0.994955 0.096486 -0.0273274 0.00282305 -0.761013 -2.89961 3.11132 247 00000000.png

248 -0.994699 0.10021 -0.0218831 0.00733329 -0.77912 -2.89615 3.13653 248 00000000.png

249 -0.994378 0.103928 -0.0164373 0.0118431 -0.797845 -2.89256 3.16218 249 00000000.png

250 -0.993995 0.10764 -0.0109905 0.0163521 -0.817202 -2.88885 3.18826 250 00000000.png

251 -0.993547 0.111344 -0.00554301 0.0208601 -0.837203 -2.88498 3.21475 251 00000000.png

252 -0.993037 0.115042 -9.51514e-05 0.0253667 -0.857862 -2.88094 3.24165 252 00000000.png

253 -0.992463 0.118732 0.00535272 0.0298717 -0.87919 -2.87671 3.26894 253 00000000.png

254 -0.991825 0.122414 0.0108002 0.0343748 -0.901202 -2.87229 3.29661 254 00000000.png

255 -0.991124 0.126089 0.0162471 0.0388757 -0.923907 -2.86765 3.32465 255 00000000.png

256 -0.990359 0.129755 0.0216929 0.0433742 -0.947318 -2.86278 3.35304 256 00000000.png

257 -0.989532 0.133413 0.0271373 0.0478698 -0.971446 -2.85765 3.38177 257 00000000.png

258 -0.987686 0.140704 0.0380206 0.0568517 -1.02189 -2.84658 3.4402 258 00000000.png

259 -0.987519 0.140902 0.0402463 0.0577284 -1.00704 -2.84216 3.42724 259 00000000.png

260 -0.987346 0.141098 0.0424719 0.0586049 -0.992072 -2.83782 3.41451 260 00000000.png

261 -0.987168 0.141294 0.0446972 0.059481 -0.976994 -2.83354 3.402 261 00000000.png

262 -0.986983 0.141489 0.0469222 0.0603568 -0.961809 -2.82933 3.38972 262 00000000.png

263 -0.986793 0.141683 0.049147 0.0612322 -0.946518 -2.82519 3.37767 263 00000000.png

264 -0.986597 0.141877 0.0513715 0.0621073 -0.931122 -2.82112 3.36584 264 00000000.png

265 -0.986396 0.142069 0.0535956 0.062982 -0.915624 -2.81712 3.35423 265 00000000.png

266 -0.986189 0.142261 0.0558195 0.0638564 -0.900026 -2.81319 3.34286 266 00000000.png

267 -0.985976 0.142452 0.0580431 0.0647303 -0.884329 -2.80933 3.33171 267 00000000.png

268 -0.985757 0.142642 0.0602663 0.0656039 -0.868536 -2.80554 3.3208 268 00000000.png

269 -0.985533 0.142831 0.0624891 0.0664772 -0.852648 -2.80182 3.31011 269 00000000.png

270 -0.985303 0.14302 0.0647117 0.06735 -0.836667 -2.79817 3.29966 270 00000000.png

271 -0.985067 0.143208 0.0669338 0.0682225 -0.820595 -2.79458 3.28943 271 00000000.png

272 -0.984825 0.143394 0.0691555 0.0690945 -0.804435 -2.79107 3.27944 272 00000000.png

273 -0.984578 0.14358 0.0713769 0.0699662 -0.788188 -2.78763 3.26968 273 00000000.png

274 -0.984326 0.143766 0.0735978 0.0708374 -0.771856 -2.78425 3.26016 274 00000000.png

275 -0.984067 0.14395 0.0758183 0.0717083 -0.755441 -2.78094 3.25087 275 00000000.png

276 -0.983803 0.144133 0.0780384 0.0725787 -0.738945 -2.7777 3.24181 276 00000000.png

277 -0.983533 0.144316 0.080258 0.0734487 -0.72237 -2.77453 3.23299 277 00000000.png

278 -0.983257 0.144498 0.0824771 0.0743183 -0.705718 -2.77143 3.2244 278 00000000.png

279 -0.982976 0.144679 0.0846958 0.0751874 -0.68899 -2.7684 3.21605 279 00000000.png

280 -0.982689 0.144859 0.086914 0.0760561 -0.67219 -2.76543 3.20794 280 00000000.png

281 -0.982396 0.145038 0.0891316 0.0769244 -0.655318 -2.76253 3.20007 281 00000000.png

282 -0.982098 0.145217 0.0913488 0.0777922 -0.638378 -2.75971 3.19243 282 00000000.png

283 -0.981794 0.145394 0.0935654 0.0786596 -0.62137 -2.75694 3.18504 283 00000000.png

284 -0.981484 0.145571 0.0957815 0.0795265 -0.604296 -2.75425 3.17788 284 00000000.png

285 -0.981168 0.145747 0.097997 0.080393 -0.58716 -2.75162 3.17096 285 00000000.png

286 -0.980847 0.145922 0.100212 0.081259 -0.569963 -2.74906 3.16428 286 00000000.png

287 -0.980188 0.14627 0.10464 0.0829896 -0.535391 -2.74415 3.15165 287 00000000.png

288 -0.979752 0.146206 0.107722 0.0843011 -0.527128 -2.73982 3.14881 288 00000000.png

289 -0.979304 0.14614 0.110802 0.0856117 -0.518836 -2.73556 3.14624 289 00000000.png

290 -0.978845 0.146072 0.113882 0.0869213 -0.510519 -2.73138 3.14395 290 00000000.png

291 -0.978376 0.146003 0.116959 0.0882299 -0.502179 -2.72727 3.14192 291 00000000.png

292 -0.977895 0.145933 0.120036 0.0895375 -0.493821 -2.72323 3.14017 292 00000000.png

293 -0.977403 0.14586 0.123111 0.0908441 -0.485447 -2.71927 3.13869 293 00000000.png

294 -0.976899 0.145786 0.126185 0.0921496 -0.477061 -2.71537 3.13749 294 00000000.png

295 -0.976385 0.14571 0.129257 0.0934541 -0.468666 -2.71155 3.13655 295 00000000.png

296 -0.975859 0.145633 0.132328 0.0947575 -0.460267 -2.70781 3.13589 296 00000000.png

297 -0.975322 0.145554 0.135398 0.0960599 -0.451866 -2.70413 3.1355 297 00000000.png

298 -0.974775 0.145473 0.138465 0.0973611 -0.443467 -2.70053 3.13538 298 00000000.png

299 -0.974216 0.145391 0.141532 0.0986612 -0.435073 -2.697 3.13554 299 00000000.png

300 -0.973646 0.145307 0.144596 0.0999602 -0.426687 -2.69354 3.13597 300 00000000.png

301 -0.973064 0.145221 0.147659 0.101258 -0.418315 -2.69015 3.13667 301 00000000.png

302 -0.972472 0.145134 0.150721 0.102555 -0.409956 -2.68683 3.13764 302 00000000.png

303 -0.971869 0.145045 0.15378 0.10385 -0.401618 -2.68359 3.13888 303 00000000.png

304 -0.971254 0.144954 0.156838 0.105145 -0.393301 -2.68041 3.1404 304 00000000.png

305 -0.970629 0.144862 0.159894 0.106438 -0.38501 -2.67731 3.14218 305 00000000.png

306 -0.969992 0.144768 0.162948 0.10773 -0.376748 -2.67428 3.14424 306 00000000.png

307 -0.969344 0.144672 0.166001 0.109021 -0.368519 -2.67132 3.14657 307 00000000.png

308 -0.968686 0.144575 0.169051 0.11031 -0.360326 -2.66843 3.14917 308 00000000.png

309 -0.968016 0.144476 0.1721 0.111598 -0.352172 -2.6656 3.15203 309 00000000.png

310 -0.967335 0.144376 0.175146 0.112885 -0.344061 -2.66285 3.15517 310 00000000.png

311 -0.966643 0.144273 0.178191 0.114171 -0.335996 -2.66017 3.15858 311 00000000.png

312 -0.96594 0.144169 0.181233 0.115455 -0.327981 -2.65756 3.16225 312 00000000.png

313 -0.965226 0.144064 0.184274 0.116738 -0.320018 -2.65501 3.1662 313 00000000.png

314 -0.964501 0.143957 0.187312 0.11802 -0.312112 -2.65254 3.17041 314 00000000.png

315 -0.963765 0.143848 0.190348 0.1193 -0.304266 -2.65013 3.17489 315 00000000.png

316 -0.96226 0.143625 0.196414 0.121857 -0.288765 -2.64552 3.18464 316 00000000.png

317 -0.961235 0.142973 0.200572 0.123921 -0.283847 -2.64569 3.16904 317 00000000.png

318 -0.960188 0.142318 0.204725 0.125982 -0.278686 -2.64597 3.15387 318 00000000.png

319 -0.959119 0.14166 0.208874 0.12804 -0.273289 -2.64636 3.13912 319 00000000.png

320 -0.958028 0.140998 0.213018 0.130095 -0.267666 -2.64685 3.12481 320 00000000.png

321 -0.956915 0.140333 0.217156 0.132147 -0.261824 -2.64747 3.11093 321 00000000.png

322 -0.95578 0.139664 0.22129 0.134196 -0.25577 -2.6482 3.09748 322 00000000.png

323 -0.954623 0.138993 0.225419 0.136242 -0.249516 -2.64904 3.08448 323 00000000.png

324 -0.953444 0.138318 0.229543 0.138285 -0.243066 -2.65 3.07192 324 00000000.png

325 -0.952243 0.13764 0.233661 0.140325 -0.23643 -2.65108 3.05981 325 00000000.png

326 -0.95102 0.136959 0.237774 0.142361 -0.229617 -2.65228 3.04814 326 00000000.png

327 -0.949775 0.136275 0.241881 0.144395 -0.222633 -2.6536 3.03691 327 00000000.png

328 -0.948508 0.135587 0.245983 0.146425 -0.215489 -2.65505 3.02614 328 00000000.png

329 -0.94722 0.134897 0.250079 0.148451 -0.208192 -2.65662 3.01583 329 00000000.png

330 -0.94591 0.134203 0.25417 0.150474 -0.20075 -2.65832 3.00596 330 00000000.png

331 -0.944577 0.133507 0.258254 0.152494 -0.193172 -2.66014 2.99655 331 00000000.png

332 -0.943223 0.132807 0.262333 0.15451 -0.185465 -2.66209 2.9876 332 00000000.png

333 -0.941848 0.132104 0.266406 0.156522 -0.17764 -2.66417 2.97911 333 00000000.png

334 -0.940451 0.131398 0.270472 0.158531 -0.169704 -2.66638 2.97108 334 00000000.png

335 -0.939032 0.130689 0.274532 0.160537 -0.161665 -2.66872 2.9635 335 00000000.png

336 -0.937591 0.129977 0.278586 0.162538 -0.153532 -2.67119 2.95639 336 00000000.png

337 -0.936129 0.129262 0.282634 0.164536 -0.145314 -2.67379 2.94975 337 00000000.png

338 -0.934645 0.128545 0.286675 0.16653 -0.137018 -2.67653 2.94356 338 00000000.png

339 -0.93314 0.127824 0.290709 0.16852 -0.128654 -2.6794 2.93784 339 00000000.png

340 -0.931613 0.1271 0.294737 0.170507 -0.12023 -2.68241 2.93259 340 00000000.png

341 -0.930065 0.126373 0.298758 0.172489 -0.111755 -2.68556 2.9278 341 00000000.png

342 -0.928496 0.125644 0.302772 0.174468 -0.103237 -2.68884 2.92348 342 00000000.png

343 -0.926905 0.124911 0.306779 0.176442 -0.0946837 -2.69226 2.91962 343 00000000.png

344 -0.925292 0.124176 0.310779 0.178413 -0.0861056 -2.69582 2.91623 344 00000000.png

345 -0.922004 0.122696 0.318757 0.182341 -0.0689067 -2.70337 2.91085 345 00000000.png

346 -0.920088 0.121212 0.323423 0.184779 -0.0740955 -2.70023 2.87666 346 00000000.png

347 -0.918141 0.119724 0.328078 0.18721 -0.0785747 -2.69706 2.84283 347 00000000.png

348 -0.916164 0.118231 0.332722 0.189636 -0.0823488 -2.69386 2.80937 348 00000000.png

349 -0.914155 0.116735 0.337355 0.192055 -0.0854281 -2.69063 2.77629 349 00000000.png

350 -0.912116 0.115235 0.341976 0.194467 -0.0878226 -2.68738 2.7436 350 00000000.png

351 -0.910046 0.11373 0.346586 0.196873 -0.0895397 -2.68411 2.71131 351 00000000.png

352 -0.907946 0.112222 0.351184 0.199273 -0.0905895 -2.68083 2.67944 352 00000000.png

353 -0.905815 0.110711 0.355771 0.201665 -0.0909796 -2.67754 2.64799 353 00000000.png

354 -0.903654 0.109195 0.360345 0.204051 -0.0907222 -2.67425 2.61697 354 00000000.png

355 -0.901462 0.107676 0.364908 0.20643 -0.0898264 -2.67096 2.58639 355 00000000.png

356 -0.899241 0.106153 0.369458 0.208802 -0.0882993 -2.66768 2.55627 356 00000000.png

357 -0.896989 0.104627 0.373996 0.211168 -0.0861544 -2.66441 2.52661 357 00000000.png

358 -0.894706 0.103097 0.378521 0.213526 -0.0834001 -2.66115 2.49743 358 00000000.png

359 -0.892394 0.101564 0.383034 0.215876 -0.0800475 -2.65792 2.46872 359 00000000.png

360 -0.890052 0.100027 0.387533 0.21822 -0.0761066 -2.65471 2.44051 360 00000000.png

361 -0.88768 0.0984868 0.39202 0.220556 -0.0715878 -2.65153 2.4128 361 00000000.png

362 -0.885278 0.0969434 0.396493 0.222885 -0.0665019 -2.64838 2.3856 362 00000000.png

363 -0.882846 0.0953968 0.400953 0.225207 -0.0608613 -2.64528 2.35891 363 00000000.png

364 -0.880385 0.0938469 0.4054 0.22752 -0.0546758 -2.64222 2.33275 364 00000000.png

365 -0.877894 0.0922939 0.409833 0.229827 -0.0479564 -2.63921 2.30713 365 00000000.png

366 -0.875374 0.0907378 0.414252 0.232125 -0.0407146 -2.63624 2.28205 366 00000000.png

367 -0.872824 0.0891786 0.418658 0.234416 -0.0329633 -2.63334 2.25752 367 00000000.png

368 -0.870245 0.0876165 0.423049 0.236698 -0.0247123 -2.6305 2.23355 368 00000000.png

369 -0.867637 0.0860514 0.427426 0.238973 -0.015974 -2.62772 2.21015 369 00000000.png

370 -0.864999 0.0844834 0.431789 0.24124 -0.00676066 -2.62502 2.18732 370 00000000.png

371 -0.862333 0.0829125 0.436137 0.243499 0.00291604 -2.62239 2.16507 371 00000000.png

372 -0.859637 0.0813389 0.440471 0.245749 0.0130449 -2.61984 2.1434 372 00000000.png

373 -0.856913 0.0797626 0.44479 0.247992 0.0236117 -2.61737 2.12234 373 00000000.png

374 -0.851378 0.0766019 0.453382 0.252451 0.0460143 -2.6127 2.08201 374 00000000.png

375 -0.849345 0.0770104 0.456672 0.253244 0.0474514 -2.5903 2.08376 375 00000000.png

376 -0.847299 0.0774176 0.459955 0.254032 0.0489933 -2.56796 2.0856 376 00000000.png

377 -0.845239 0.0778236 0.46323 0.254817 0.0506372 -2.54568 2.08755 377 00000000.png

378 -0.843166 0.0782284 0.466499 0.255598 0.0523828 -2.52346 2.0896 378 00000000.png

379 -0.84108 0.078632 0.469759 0.256374 0.0542265 -2.5013 2.09175 379 00000000.png

380 -0.83898 0.0790343 0.473013 0.257147 0.0561678 -2.47919 2.094 380 00000000.png

381 -0.836868 0.0794354 0.476259 0.257915 0.0582032 -2.45714 2.09636 381 00000000.png

382 -0.834742 0.0798353 0.479497 0.258679 0.0603321 -2.43514 2.09883 382 00000000.png

383 -0.832603 0.0802338 0.482728 0.25944 0.0625511 -2.41321 2.1014 383 00000000.png

384 -0.83045 0.0806311 0.485951 0.260196 0.0648593 -2.39132 2.10409 384 00000000.png

385 -0.828285 0.0810272 0.489167 0.260948 0.0672535 -2.3695 2.10688 385 00000000.png

386 -0.826107 0.0814219 0.492375 0.261696 0.069733 -2.34773 2.10979 386 00000000.png

387 -0.823915 0.0818154 0.495575 0.26244 0.0722944 -2.32602 2.11281 387 00000000.png

388 -0.821711 0.0822076 0.498768 0.26318 0.0749358 -2.30437 2.11594 388 00000000.png

389 -0.819494 0.0825985 0.501952 0.263916 0.077657 -2.28277 2.11919 389 00000000.png

390 -0.817264 0.0829881 0.505129 0.264647 0.0804528 -2.26123 2.12255 390 00000000.png

391 -0.815021 0.0833764 0.508297 0.265374 0.0833234 -2.23974 2.12604 391 00000000.png

392 -0.812765 0.0837634 0.511458 0.266097 0.0862656 -2.21831 2.12964 392 00000000.png

393 -0.810496 0.084149 0.514611 0.266816 0.0892781 -2.19693 2.13336 393 00000000.png

394 -0.808215 0.0845333 0.517755 0.267531 0.092357 -2.1756 2.13721 394 00000000.png

395 -0.80592 0.0849163 0.520891 0.268242 0.095502 -2.15434 2.14117 395 00000000.png

396 -0.803613 0.085298 0.52402 0.268948 0.0987101 -2.13312 2.14526 396 00000000.png

397 -0.801294 0.0856783 0.527139 0.26965 0.101979 -2.11196 2.14948 397 00000000.png

398 -0.798962 0.0860573 0.530251 0.270348 0.105307 -2.09086 2.15381 398 00000000.png

399 -0.796617 0.0864349 0.533354 0.271041 0.108692 -2.0698 2.15828 399 00000000.png

400 -0.79426 0.0868112 0.536449 0.271731 0.11213 -2.0488 2.16287 400 00000000.png

401 -0.79189 0.087186 0.539536 0.272416 0.115622 -2.02786 2.16759 401 00000000.png

402 -0.789508 0.0875596 0.542613 0.273096 0.119162 -2.00696 2.17244 402 00000000.png

403 -0.784706 0.0883024 0.548743 0.274445 0.126384 -1.96533 2.18253 403 00000000.png

404 -0.783162 0.0862345 0.550323 0.276345 0.138162 -1.98894 2.17092 404 00000000.png

405 -0.781608 0.0841654 0.551895 0.278241 0.149979 -2.01254 2.15937 405 00000000.png

406 -0.780043 0.0820953 0.55346 0.280134 0.161835 -2.03612 2.14787 406 00000000.png

407 -0.778469 0.0800242 0.555018 0.282023 0.17373 -2.05969 2.13644 407 00000000.png

408 -0.776885 0.077952 0.556569 0.283908 0.18566 -2.08324 2.12506 408 00000000.png

409 -0.775291 0.0758788 0.558113 0.28579 0.197627 -2.10678 2.11375 409 00000000.png

410 -0.773687 0.0738046 0.55965 0.287668 0.20963 -2.13031 2.10249 410 00000000.png

411 -0.772074 0.0717295 0.561179 0.289543 0.221667 -2.15382 2.09129 411 00000000.png

412 -0.77045 0.0696535 0.562702 0.291414 0.233737 -2.17733 2.08015 412 00000000.png

413 -0.768816 0.0675766 0.564217 0.293281 0.245839 -2.20082 2.06906 413 00000000.png

414 -0.767173 0.0654989 0.565725 0.295144 0.257975 -2.2243 2.05804 414 00000000.png

415 -0.76552 0.0634203 0.567226 0.297004 0.270141 -2.24777 2.04708 415 00000000.png

416 -0.763857 0.0613409 0.56872 0.29886 0.282337 -2.27124 2.03618 416 00000000.png

417 -0.762185 0.0592607 0.570206 0.300712 0.294562 -2.29469 2.02533 417 00000000.png

418 -0.760503 0.0571797 0.571685 0.30256 0.306816 -2.31814 2.01455 418 00000000.png

419 -0.758811 0.0550981 0.573157 0.304405 0.319097 -2.34158 2.00383 419 00000000.png

420 -0.757109 0.0530157 0.574621 0.306245 0.331406 -2.36501 1.99316 420 00000000.png

421 -0.755398 0.0509326 0.576078 0.308082 0.343739 -2.38844 1.98256 421 00000000.png

422 -0.753677 0.0488489 0.577528 0.309914 0.356099 -2.41187 1.97202 422 00000000.png

423 -0.751946 0.0467646 0.57897 0.311743 0.368481 -2.43529 1.96153 423 00000000.png

424 -0.750206 0.0446797 0.580405 0.313568 0.380889 -2.4587 1.95111 424 00000000.png

425 -0.748456 0.0425942 0.581833 0.315388 0.393316 -2.48212 1.94075 425 00000000.png

426 -0.746697 0.0405081 0.583253 0.317205 0.405768 -2.50553 1.93044 426 00000000.png

427 -0.744928 0.0384216 0.584666 0.319017 0.418238 -2.52894 1.9202 427 00000000.png

428 -0.743149 0.0363345 0.586071 0.320826 0.430729 -2.55234 1.91002 428 00000000.png

429 -0.741362 0.034247 0.587469 0.32263 0.44324 -2.57575 1.8999 429 00000000.png

430 -0.739564 0.0321591 0.588859 0.324431 0.455767 -2.59916 1.88983 430 00000000.png

431 -0.737757 0.0300707 0.590242 0.326227 0.468312 -2.62257 1.87983 431 00000000.png

432 -0.734115 0.0258928 0.592985 0.329807 0.493451 -2.66939 1.86001 432 00000000.png

433 -0.725752 0.0241823 0.600058 0.335603 0.491664 -2.65443 1.88594 433 00000000.png

434 -0.717275 0.0224679 0.607037 0.341347 0.489196 -2.64049 1.91352 434 00000000.png

435 -0.708685 0.02075 0.613921 0.347037 0.48595 -2.62757 1.94273 435 00000000.png

436 -0.699985 0.0190289 0.620709 0.352674 0.48184 -2.61566 1.97353 436 00000000.png

437 -0.691175 0.0173048 0.6274 0.358254 0.476767 -2.60479 2.00588 437 00000000.png

438 -0.682257 0.015578 0.633993 0.363779 0.470644 -2.59492 2.03974 438 00000000.png

439 -0.673232 0.0138487 0.640486 0.369247 0.46338 -2.58607 2.07507 439 00000000.png

440 -0.664102 0.0121173 0.64688 0.374657 0.454888 -2.57823 2.11183 440 00000000.png

441 -0.654868 0.010384 0.653172 0.380009 0.44508 -2.57138 2.14997 441 00000000.png

442 -0.645531 0.00864902 0.659362 0.385301 0.433872 -2.56552 2.18942 442 00000000.png

443 -0.636094 0.00691272 0.665448 0.390532 0.42118 -2.56063 2.23015 443 00000000.png

444 -0.626557 0.00517534 0.671431 0.395703 0.406921 -2.5567 2.2721 444 00000000.png

445 -0.616921 0.00343715 0.677308 0.400812 0.391017 -2.55371 2.3152 445 00000000.png

446 -0.60719 0.00169842 0.683079 0.405858 0.373389 -2.55165 2.3594 446 00000000.png

447 -0.597363 -4.05777e-05 0.688744 0.41084 0.353961 -2.55049 2.40462 447 00000000.png

448 -0.587442 -0.00177957 0.694301 0.415758 0.33266 -2.55022 2.45081 448 00000000.png

449 -0.57743 -0.00351828 0.699749 0.420611 0.309415 -2.55081 2.4979 449 00000000.png

450 -0.567327 -0.00525644 0.705087 0.425398 0.284156 -2.55224 2.54581 450 00000000.png

451 -0.557136 -0.00699377 0.710316 0.430119 0.256818 -2.55449 2.59446 451 00000000.png

452 -0.546858 -0.00873002 0.715433 0.434772 0.227335 -2.55751 2.6438 452 00000000.png

453 -0.536493 -0.0104649 0.720438 0.439358 0.195646 -2.5613 2.69373 453 00000000.png

454 -0.526045 -0.0121981 0.72533 0.443874 0.161695 -2.5658 2.74417 454 00000000.png

455 -0.515515 -0.0139295 0.730109 0.448321 0.125424 -2.57099 2.79506 455 00000000.png

456 -0.504904 -0.0156586 0.734773 0.452698 0.0867806 -2.57685 2.84629 456 00000000.png

457 -0.494213 -0.0173853 0.739323 0.457004 0.0457151 -2.58332 2.89779 457 00000000.png

458 -0.483446 -0.0191093 0.743757 0.461239 0.00218081 -2.59038 2.94948 458 00000000.png

459 -0.472603 -0.0208303 0.748074 0.465401 -0.0438661 -2.59798 3.00125 459 00000000.png

460 -0.461686 -0.022548 0.752274 0.469491 -0.0924652 -2.60608 3.05303 460 00000000.png

461 0.439636 0.0259726 -0.760321 -0.477449 -0.197469 -2.62365 3.15623 461 00000000.png

462 0.434952 0.0271239 -0.762327 -0.478476 -0.193533 -2.6202 3.14008 462 00000000.png

463 0.430255 0.0282743 -0.764311 -0.47949 -0.189291 -2.61692 3.12442 463 00000000.png

464 0.425545 0.029424 -0.766273 -0.48049 -0.184754 -2.61379 3.10926 464 00000000.png

465 0.420824 0.0305729 -0.768214 -0.481477 -0.17993 -2.61083 3.09461 465 00000000.png

466 0.416091 0.0317208 -0.770132 -0.48245 -0.174834 -2.60803 3.08046 466 00000000.png

467 0.411346 0.0328679 -0.772029 -0.48341 -0.169472 -2.6054 3.06682 467 00000000.png

468 0.406589 0.0340141 -0.773904 -0.484355 -0.163859 -2.60294 3.0537 468 00000000.png

469 0.401821 0.0351593 -0.775758 -0.485287 -0.158003 -2.60066 3.0411 469 00000000.png

470 0.397042 0.0363034 -0.777589 -0.486206 -0.151918 -2.59854 3.02902 470 00000000.png

471 0.392251 0.0374466 -0.779398 -0.48711 -0.145612 -2.59661 3.01746 471 00000000.png

472 0.387449 0.0385887 -0.781185 -0.488001 -0.139098 -2.59485 3.00643 472 00000000.png

473 0.382636 0.0397297 -0.78295 -0.488878 -0.132386 -2.59328 2.99593 473 00000000.png

474 0.377812 0.0408696 -0.784692 -0.489741 -0.125488 -2.59189 2.98596 474 00000000.png

475 0.372978 0.0420083 -0.786413 -0.49059 -0.118415 -2.59068 2.97652 475 00000000.png

476 0.368133 0.0431458 -0.788111 -0.491425 -0.111177 -2.58966 2.96762 476 00000000.png

477 0.363277 0.0442821 -0.789786 -0.492246 -0.103788 -2.58882 2.95926 477 00000000.png

478 0.358411 0.0454172 -0.79144 -0.493053 -0.0962565 -2.58818 2.95143 478 00000000.png

479 0.353535 0.0465509 -0.793071 -0.493847 -0.0885955 -2.58773 2.94415 479 00000000.png

480 0.348649 0.0476834 -0.794679 -0.494626 -0.0808159 -2.58747 2.93741 480 00000000.png

481 0.343754 0.0488144 -0.796265 -0.495391 -0.0729283 -2.5874 2.93121 481 00000000.png

482 0.338848 0.0499442 -0.797828 -0.496142 -0.064945 -2.58753 2.92556 482 00000000.png

483 0.333933 0.0510724 -0.799369 -0.49688 -0.0568774 -2.58786 2.92046 483 00000000.png

484 0.329008 0.0521993 -0.800887 -0.497603 -0.048737 -2.58839 2.9159 484 00000000.png

485 0.324074 0.0533247 -0.802383 -0.498312 -0.0405344 -2.58912 2.91189 485 00000000.png

486 0.319131 0.0544485 -0.803855 -0.499006 -0.0322827 -2.59004 2.90842 486 00000000.png

487 0.314179 0.0555708 -0.805305 -0.499687 -0.0239913 -2.59117 2.9055 487 00000000.png

488 0.309218 0.0566915 -0.806732 -0.500354 -0.015673 -2.59251 2.90314 488 00000000.png

489 0.304248 0.0578107 -0.808136 -0.501006 -0.00733924 -2.59405 2.90131 489 00000000.png

490 0.294282 0.060044 -0.810876 -0.502268 0.0093292 -2.59774 2.89931 490 00000000.png

491 0.29281 0.0603407 -0.81134 -0.502343 0.014581 -2.59689 2.89755 491 00000000.png

492 0.291338 0.0606373 -0.811802 -0.502417 0.0198451 -2.59607 2.89585 492 00000000.png

493 0.289865 0.0609338 -0.812262 -0.50249 0.0251203 -2.59528 2.89421 493 00000000.png

494 0.288391 0.0612301 -0.81272 -0.502562 0.0304076 -2.59451 2.89264 494 00000000.png

495 0.286916 0.0615263 -0.813176 -0.502632 0.0357056 -2.59376 2.89113 495 00000000.png

496 0.285441 0.0618223 -0.81363 -0.502701 0.0410148 -2.59304 2.88969 496 00000000.png

497 0.283965 0.0621182 -0.814082 -0.502768 0.046333 -2.59234 2.88832 497 00000000.png

498 0.282488 0.0624139 -0.814532 -0.502835 0.0516621 -2.59167 2.887 498 00000000.png

499 0.28101 0.0627094 -0.81498 -0.5029 0.057 -2.59101 2.88576 499 00000000.png

500 0.279532 0.0630048 -0.815426 -0.502964 0.0623477 -2.59039 2.88458 500 00000000.png

501 0.278053 0.0633001 -0.81587 -0.503027 0.0677036 -2.58979 2.88346 501 00000000.png

502 0.276574 0.0635951 -0.816311 -0.503089 0.0730685 -2.58921 2.88241 502 00000000.png

503 0.275094 0.0638901 -0.816751 -0.503149 0.0784403 -2.58865 2.88142 503 00000000.png

504 0.273613 0.0641848 -0.817189 -0.503208 0.0838203 -2.58812 2.8805 504 00000000.png

505 0.272131 0.0644794 -0.817625 -0.503266 0.0892073 -2.58762 2.87964 505 00000000.png

506 0.270649 0.0647739 -0.818059 -0.503322 0.0946012 -2.58714 2.87885 506 00000000.png

507 0.269166 0.0650682 -0.818491 -0.503377 0.100001 -2.58668 2.87813 507 00000000.png

508 0.267683 0.0653623 -0.81892 -0.503432 0.105408 -2.58625 2.87747 508 00000000.png

509 0.266198 0.0656563 -0.819348 -0.503484 0.11082 -2.58584 2.87687 509 00000000.png

510 0.264713 0.0659501 -0.819774 -0.503536 0.116237 -2.58546 2.87634 510 00000000.png

511 0.263228 0.0662437 -0.820197 -0.503586 0.121659 -2.5851 2.87588 511 00000000.png

512 0.261742 0.0665372 -0.820619 -0.503635 0.127085 -2.58476 2.87548 512 00000000.png

513 0.260255 0.0668305 -0.821039 -0.503683 0.132516 -2.58445 2.87514 513 00000000.png

514 0.258767 0.0671237 -0.821456 -0.50373 0.137951 -2.58416 2.87488 514 00000000.png

515 0.257279 0.0674167 -0.821872 -0.503775 0.143388 -2.5839 2.87467 515 00000000.png

516 0.25579 0.0677095 -0.822285 -0.503819 0.148829 -2.58366 2.87453 516 00000000.png

517 0.254301 0.0680021 -0.822697 -0.503862 0.154272 -2.58345 2.87446 517 00000000.png

518 0.252811 0.0682946 -0.823106 -0.503904 0.159717 -2.58326 2.87446 518 00000000.png

519 0.249829 0.0688791 -0.823919 -0.503983 0.170613 -2.58295 2.87464 519 00000000.png

520 0.248418 0.0692438 -0.824286 -0.50403 0.181988 -2.58248 2.87382 520 00000000.png

521 0.247007 0.0696084 -0.824651 -0.504077 0.193369 -2.58204 2.8731 521 00000000.png

522 0.245596 0.0699729 -0.825014 -0.504122 0.204756 -2.58163 2.87247 522 00000000.png

523 0.244184 0.0703372 -0.825375 -0.504166 0.216148 -2.58125 2.87193 523 00000000.png

524 0.242771 0.0707013 -0.825734 -0.504209 0.227546 -2.5809 2.8715 524 00000000.png

525 0.241358 0.0710653 -0.826092 -0.50425 0.238948 -2.58058 2.87116 525 00000000.png

526 0.239944 0.0714291 -0.826448 -0.504291 0.250354 -2.58029 2.87091 526 00000000.png

527 0.238529 0.0717928 -0.826801 -0.50433 0.261763 -2.58003 2.87076 527 00000000.png

528 0.237114 0.0721563 -0.827153 -0.504368 0.273176 -2.5798 2.8707 528 00000000.png

529 0.235699 0.0725196 -0.827503 -0.504406 0.284591 -2.5796 2.87075 529 00000000.png

530 0.234283 0.0728828 -0.827852 -0.504442 0.296008 -2.57942 2.87088 530 00000000.png

531 0.232866 0.0732458 -0.828198 -0.504477 0.307426 -2.57928 2.87112 531 00000000.png

532 0.231449 0.0736086 -0.828542 -0.50451 0.318845 -2.57917 2.87145 532 00000000.png

533 0.230032 0.0739713 -0.828885 -0.504543 0.330265 -2.57909 2.87187 533 00000000.png

534 0.228614 0.0743338 -0.829226 -0.504574 0.341685 -2.57903 2.87239 534 00000000.png

535 0.227195 0.0746962 -0.829564 -0.504605 0.353104 -2.57901 2.87301 535 00000000.png

536 0.225776 0.0750583 -0.829901 -0.504634 0.364522 -2.57902 2.87372 536 00000000.png

537 0.224356 0.0754203 -0.830236 -0.504662 0.375939 -2.57906 2.87453 537 00000000.png

538 0.222936 0.0757822 -0.83057 -0.504689 0.387354 -2.57912 2.87543 538 00000000.png

539 0.221516 0.0761438 -0.830901 -0.504714 0.398766 -2.57922 2.87643 539 00000000.png

540 0.220095 0.0765053 -0.83123 -0.504739 0.410175 -2.57935 2.87753 540 00000000.png

541 0.218673 0.0768666 -0.831558 -0.504762 0.421581 -2.5795 2.87872 541 00000000.png

542 0.217251 0.0772278 -0.831884 -0.504785 0.432983 -2.57969 2.88001 542 00000000.png

543 0.215828 0.0775887 -0.832207 -0.504806 0.44438 -2.57991 2.88139 543 00000000.png

544 0.214405 0.0779495 -0.832529 -0.504826 0.455772 -2.58015 2.88287 544 00000000.png

545 0.212981 0.0783101 -0.832849 -0.504845 0.467159 -2.58043 2.88444 545 00000000.png

546 0.211557 0.0786706 -0.833167 -0.504863 0.478539 -2.58074 2.88611 546 00000000.png

547 0.210133 0.0790308 -0.833484 -0.504879 0.489914 -2.58108 2.88788 547 00000000.png

548 0.207282 0.0797508 -0.834111 -0.504909 0.51264 -2.58184 2.8917 548 00000000.png

549 0.204622 0.0802008 -0.834469 -0.50533 0.511761 -2.58366 2.88741 549 00000000.png

550 0.20196 0.0806501 -0.834822 -0.505747 0.510925 -2.58552 2.88321 550 00000000.png

551 0.199296 0.0810988 -0.835168 -0.506161 0.510131 -2.5874 2.8791 551 00000000.png

552 0.196631 0.0815469 -0.835508 -0.506571 0.509379 -2.58932 2.87509 552 00000000.png

553 0.193964 0.0819944 -0.835841 -0.506976 0.508665 -2.59127 2.87117 553 00000000.png

554 0.191296 0.0824412 -0.836168 -0.507378 0.507991 -2.59326 2.86733 554 00000000.png

555 0.188626 0.0828875 -0.836489 -0.507776 0.507353 -2.59527 2.86359 555 00000000.png

556 0.185955 0.0833331 -0.836803 -0.50817 0.506753 -2.59732 2.85995 556 00000000.png

557 0.183283 0.083778 -0.837111 -0.508561 0.506188 -2.59941 2.85639 557 00000000.png

558 0.180609 0.0842224 -0.837412 -0.508947 0.505657 -2.60152 2.85293 558 00000000.png

559 0.177934 0.084666 -0.837708 -0.50933 0.505159 -2.60368 2.84956 559 00000000.png

560 0.175257 0.0851091 -0.837997 -0.509709 0.504694 -2.60586 2.84629 560 00000000.png

561 0.172579 0.0855515 -0.838279 -0.510084 0.504259 -2.60808 2.84311 561 00000000.png

562 0.1699 0.0859933 -0.838555 -0.510455 0.503854 -2.61034 2.84002 562 00000000.png

563 0.16722 0.0864344 -0.838825 -0.510822 0.503478 -2.61263 2.83703 563 00000000.png

564 0.164538 0.0868748 -0.839089 -0.511185 0.50313 -2.61496 2.83413 564 00000000.png

565 0.161855 0.0873146 -0.839346 -0.511544 0.502808 -2.61732 2.83132 565 00000000.png

566 0.159171 0.0877537 -0.839597 -0.5119 0.502511 -2.61972 2.82861 566 00000000.png

567 0.156485 0.0881922 -0.839841 -0.512252 0.502239 -2.62216 2.82599 567 00000000.png

568 0.153799 0.08863 -0.840079 -0.512599 0.50199 -2.62463 2.82347 568 00000000.png

569 0.151111 0.0890671 -0.840311 -0.512943 0.501763 -2.62714 2.82104 569 00000000.png

570 0.148422 0.0895035 -0.840536 -0.513283 0.501557 -2.62968 2.81871 570 00000000.png

571 0.145732 0.0899393 -0.840755 -0.513619 0.50137 -2.63227 2.81647 571 00000000.png

572 0.143041 0.0903744 -0.840967 -0.513952 0.501202 -2.63489 2.81433 572 00000000.png

573 0.140348 0.0908088 -0.841173 -0.51428 0.501052 -2.63755 2.81228 573 00000000.png

574 0.137655 0.0912425 -0.841373 -0.514604 0.500918 -2.64025 2.81033 574 00000000.png

575 0.134961 0.0916755 -0.841566 -0.514925 0.500799 -2.64299 2.80847 575 00000000.png

576 0.132265 0.0921078 -0.841753 -0.515241 0.500694 -2.64576 2.80671 576 00000000.png

577 0.126871 0.0929704 -0.842108 -0.515863 0.500522 -2.65143 2.80347 577 00000000.png

578 0.119505 0.0930056 -0.842784 -0.516511 0.494433 -2.64676 2.80941 578 00000000.png

579 0.112133 0.0930357 -0.843413 -0.517131 0.488346 -2.64245 2.81594 579 00000000.png

580 0.104754 0.0930607 -0.843996 -0.517723 0.48224 -2.6385 2.82304 580 00000000.png

581 0.0973693 0.0930806 -0.844532 -0.518286 0.476094 -2.63492 2.83072 581 00000000.png

582 0.0899793 0.0930953 -0.845022 -0.518821 0.469887 -2.63171 2.83897 582 00000000.png

583 0.0825844 0.0931049 -0.845465 -0.519327 0.463597 -2.62886 2.84779 583 00000000.png

584 0.0751849 0.0931093 -0.845861 -0.519804 0.457203 -2.62639 2.85718 584 00000000.png

585 0.0677813 0.0931087 -0.846211 -0.520253 0.450684 -2.62428 2.86713 585 00000000.png

586 0.0603739 0.0931029 -0.846514 -0.520673 0.44402 -2.62256 2.87765 586 00000000.png

587 0.0529632 0.0930919 -0.846771 -0.521064 0.437188 -2.6212 2.88872 587 00000000.png

588 0.0455496 0.0930758 -0.846981 -0.521427 0.430167 -2.62022 2.90035 588 00000000.png

589 0.0381334 0.0930546 -0.847144 -0.52176 0.422938 -2.61961 2.91252 589 00000000.png

590 0.0307152 0.0930283 -0.84726 -0.522065 0.415479 -2.61938 2.92524 590 00000000.png

591 0.0232953 0.0929968 -0.84733 -0.522342 0.407768 -2.61951 2.9385 591 00000000.png

592 0.015874 0.0929602 -0.847353 -0.522589 0.399786 -2.62002 2.95229 592 00000000.png

593 0.00845193 0.0929185 -0.847329 -0.522808 0.391512 -2.62091 2.96661 593 00000000.png

594 0.00102938 0.0928717 -0.847259 -0.522997 0.382925 -2.62216 2.98145 594 00000000.png

595 -0.00639325 0.0928197 -0.847142 -0.523158 0.374005 -2.62378 2.9968 595 00000000.png

596 -0.0138155 0.0927626 -0.846978 -0.523291 0.364732 -2.62577 3.01266 596 00000000.png

597 -0.021237 0.0927004 -0.846767 -0.523394 0.355085 -2.62812 3.02901 597 00000000.png

598 -0.0286573 0.0926331 -0.84651 -0.523468 0.345044 -2.63084 3.04585 598 00000000.png

599 -0.0360761 0.0925607 -0.846206 -0.523514 0.334591 -2.63392 3.06317 599 00000000.png

600 -0.0434929 0.0924831 -0.845855 -0.52353 0.323704 -2.63735 3.08097 600 00000000.png

601 -0.0509072 0.0924005 -0.845458 -0.523518 0.312366 -2.64114 3.09923 601 00000000.png

602 -0.0583188 0.0923128 -0.845014 -0.523477 0.300555 -2.64527 3.11794 602 00000000.png

603 -0.0657271 0.09222 -0.844524 -0.523407 0.288254 -2.64976 3.13709 603 00000000.png

604 -0.0731318 0.0921221 -0.843987 -0.523308 0.275444 -2.65459 3.15668 604 00000000.png

605 -0.0805325 0.0920191 -0.843403 -0.523181 0.262106 -2.65976 3.17669 605 00000000.png

606 -0.0953202 0.091798 -0.842097 -0.522839 0.233771 -2.6711 3.21793 606 00000000.png

607 -0.0976187 0.0922919 -0.841953 -0.52256 0.239921 -2.6731 3.22278 607 00000000.png

608 -0.0999167 0.0927853 -0.841804 -0.522277 0.246026 -2.67515 3.22777 608 00000000.png

609 -0.102214 0.0932782 -0.84165 -0.521992 0.252085 -2.67724 3.23289 609 00000000.png

610 -0.104511 0.0937706 -0.841492 -0.521704 0.258096 -2.67939 3.23816 610 00000000.png

611 -0.106807 0.0942624 -0.841329 -0.521413 0.264058 -2.68159 3.24356 611 00000000.png

612 -0.109103 0.0947537 -0.841162 -0.521119 0.26997 -2.68384 3.2491 612 00000000.png

613 -0.111398 0.0952445 -0.840989 -0.520822 0.275831 -2.68613 3.25477 613 00000000.png

614 -0.113692 0.0957347 -0.840812 -0.520523 0.281639 -2.68848 3.26058 614 00000000.png

615 -0.115986 0.0962244 -0.84063 -0.52022 0.287394 -2.69087 3.26653 615 00000000.png

616 -0.118279 0.0967136 -0.840444 -0.519914 0.293093 -2.69331 3.27261 616 00000000.png

617 -0.120572 0.0972022 -0.840252 -0.519606 0.298736 -2.6958 3.27883 617 00000000.png

618 -0.122863 0.0976902 -0.840056 -0.519294 0.304322 -2.69834 3.28518 618 00000000.png

619 -0.125154 0.0981778 -0.839856 -0.51898 0.309849 -2.70092 3.29167 619 00000000.png

620 -0.127445 0.0986647 -0.83965 -0.518662 0.315316 -2.70356 3.29829 620 00000000.png

621 -0.129734 0.0991511 -0.83944 -0.518342 0.320722 -2.70624 3.30504 621 00000000.png

622 -0.132023 0.099637 -0.839225 -0.518019 0.326065 -2.70897 3.31193 622 00000000.png

623 -0.134312 0.100122 -0.839005 -0.517693 0.331344 -2.71175 3.31895 623 00000000.png

624 -0.136599 0.100607 -0.838781 -0.517364 0.336559 -2.71457 3.3261 624 00000000.png

625 -0.138886 0.101091 -0.838552 -0.517032 0.341707 -2.71745 3.33339 625 00000000.png

626 -0.141172 0.101575 -0.838318 -0.516697 0.346789 -2.72037 3.3408 626 00000000.png

627 -0.143457 0.102058 -0.83808 -0.516359 0.351802 -2.72333 3.34835 627 00000000.png

628 -0.145741 0.10254 -0.837836 -0.516019 0.356746 -2.72635 3.35603 628 00000000.png

629 -0.148024 0.103022 -0.837588 -0.515675 0.361618 -2.72941 3.36384 629 00000000.png

630 -0.150307 0.103503 -0.837336 -0.515329 0.366419 -2.73252 3.37177 630 00000000.png

631 -0.152589 0.103984 -0.837078 -0.514979 0.371145 -2.73567 3.37984 631 00000000.png

632 -0.15487 0.104464 -0.836816 -0.514627 0.375798 -2.73887 3.38804 632 00000000.png

633 -0.15715 0.104944 -0.836549 -0.514272 0.380374 -2.74212 3.39636 633 00000000.png

634 -0.159429 0.105423 -0.836278 -0.513914 0.384874 -2.74541 3.40481 634 00000000.png

635 -0.163985 0.106379 -0.835721 -0.513189 0.393638 -2.75213 3.4221 635 00000000.png

636 -0.166078 0.106252 -0.834824 -0.514001 0.399195 -2.76269 3.42269 636 00000000.png

637 -0.168171 0.106124 -0.833922 -0.51481 0.404705 -2.77332 3.42335 637 00000000.png

638 -0.170262 0.105996 -0.833016 -0.515616 0.410167 -2.78403 3.42408 638 00000000.png

639 -0.172353 0.105867 -0.832104 -0.51642 0.41558 -2.79481 3.42487 639 00000000.png

640 -0.174442 0.105738 -0.831188 -0.517219 0.420944 -2.80567 3.42574 640 00000000.png

641 -0.176531 0.105607 -0.830267 -0.518016 0.426258 -2.8166 3.42666 641 00000000.png

642 -0.178618 0.105477 -0.829341 -0.51881 0.431521 -2.82761 3.42766 642 00000000.png

643 -0.180705 0.105345 -0.82841 -0.519601 0.436732 -2.8387 3.42871 643 00000000.png

644 -0.18279 0.105213 -0.827474 -0.520389 0.441891 -2.84986 3.42983 644 00000000.png

645 -0.184874 0.105081 -0.826533 -0.521174 0.446997 -2.8611 3.43102 645 00000000.png

646 -0.186957 0.104948 -0.825588 -0.521956 0.452049 -2.87242 3.43226 646 00000000.png

647 -0.18904 0.104814 -0.824638 -0.522734 0.457046 -2.88381 3.43357 647 00000000.png

648 -0.191121 0.104679 -0.823682 -0.52351 0.461988 -2.89528 3.43494 648 00000000.png

649 -0.1932 0.104544 -0.822722 -0.524282 0.466874 -2.90683 3.43637 649 00000000.png

650 -0.195279 0.104409 -0.821758 -0.525052 0.471702 -2.91845 3.43786 650 00000000.png

651 -0.197357 0.104272 -0.820788 -0.525818 0.476474 -2.93016 3.43941 651 00000000.png

652 -0.199433 0.104136 -0.819813 -0.526582 0.481186 -2.94194 3.44101 652 00000000.png

653 -0.201508 0.103998 -0.818834 -0.527342 0.48584 -2.9538 3.44268 653 00000000.png

654 -0.203583 0.10386 -0.81785 -0.528099 0.490434 -2.96574 3.4444 654 00000000.png

655 -0.205655 0.103721 -0.816861 -0.528853 0.494967 -2.97775 3.44618 655 00000000.png

656 -0.207727 0.103582 -0.815868 -0.529604 0.499439 -2.98985 3.44801 656 00000000.png

657 -0.209798 0.103442 -0.814869 -0.530352 0.503849 -3.00202 3.4499 657 00000000.png

658 -0.211867 0.103302 -0.813866 -0.531096 0.508196 -3.01428 3.45184 658 00000000.png

659 -0.213935 0.10316 -0.812858 -0.531838 0.512481 -3.02661 3.45383 659 00000000.png

660 -0.216002 0.103019 -0.811845 -0.532576 0.5167 -3.03902 3.45588 660 00000000.png

661 -0.218067 0.102876 -0.810828 -0.533312 0.520855 -3.05151 3.45798 661 00000000.png

662 -0.220131 0.102733 -0.809806 -0.534044 0.524944 -3.06408 3.46013 662 00000000.png

663 -0.222194 0.10259 -0.808779 -0.534773 0.528967 -3.07673 3.46233 663 00000000.png

664 -0.226316 0.102301 -0.80671 -0.536222 0.536812 -3.10228 3.46688 664 00000000.png

665 -0.228522 0.102746 -0.805681 -0.536749 0.550003 -3.10503 3.45577 665 00000000.png

666 -0.230727 0.10319 -0.804646 -0.537272 0.563275 -3.1078 3.44487 666 00000000.png

667 -0.23293 0.103633 -0.803607 -0.537792 0.576626 -3.11059 3.43417 667 00000000.png

668 -0.235131 0.104076 -0.802562 -0.538308 0.590054 -3.11339 3.42368 668 00000000.png

669 -0.237331 0.104517 -0.801512 -0.538821 0.603559 -3.11622 3.41339 669 00000000.png

670 -0.23953 0.104959 -0.800457 -0.539331 0.617136 -3.11906 3.40332 670 00000000.png

671 -0.241727 0.105399 -0.799397 -0.539837 0.630786 -3.12192 3.39345 671 00000000.png

672 -0.243923 0.105839 -0.798331 -0.540339 0.644508 -3.1248 3.38378 672 00000000.png

673 -0.246117 0.106279 -0.797261 -0.540838 0.658297 -3.12771 3.37433 673 00000000.png

674 -0.248309 0.106717 -0.796186 -0.541334 0.672155 -3.13063 3.36508 674 00000000.png

675 -0.2505 0.107155 -0.795105 -0.541826 0.686079 -3.13359 3.35605 675 00000000.png

676 -0.252689 0.107593 -0.794019 -0.542315 0.700066 -3.13656 3.34722 676 00000000.png

677 -0.254876 0.108029 -0.792929 -0.5428 0.714116 -3.13957 3.3386 677 00000000.png

678 -0.257062 0.108465 -0.791833 -0.543282 0.728228 -3.1426 3.33019 678 00000000.png

679 -0.259246 0.1089 -0.790732 -0.543761 0.742398 -3.14565 3.32199 679 00000000.png

680 -0.261429 0.109335 -0.789626 -0.544235 0.756625 -3.14874 3.314 680 00000000.png

681 -0.26361 0.109768 -0.788515 -0.544707 0.770908 -3.15185 3.30622 681 00000000.png

682 -0.265789 0.110201 -0.787399 -0.545175 0.785247 -3.155 3.29865 682 00000000.png

683 -0.267967 0.110634 -0.786277 -0.545639 0.799637 -3.15818 3.29129 683 00000000.png

684 -0.270143 0.111065 -0.785151 -0.5461 0.814077 -3.16139 3.28415 684 00000000.png

685 -0.272317 0.111496 -0.78402 -0.546557 0.828568 -3.16463 3.27721 685 00000000.png

686 -0.274489 0.111927 -0.782884 -0.547011 0.843106 -3.1679 3.27049 686 00000000.png

687 -0.27666 0.112356 -0.781743 -0.547461 0.857688 -3.17121 3.26397 687 00000000.png

688 -0.278828 0.112785 -0.780596 -0.547908 0.872315 -3.17456 3.25767 688 00000000.png

689 -0.280995 0.113213 -0.779445 -0.548352 0.886985 -3.17794 3.25158 689 00000000.png

690 -0.283161 0.11364 -0.778289 -0.548792 0.901695 -3.18136 3.2457 690 00000000.png

691 -0.285324 0.114067 -0.777128 -0.549228 0.916444 -3.18482 3.24004 691 00000000.png

692 -0.287486 0.114493 -0.775962 -0.549661 0.931231 -3.18832 3.23458 692 00000000.png

693 -0.291804 0.115342 -0.773614 -0.550516 0.960907 -3.19543 3.22431 693 00000000.png

694 -0.298721 0.115375 -0.771403 -0.549901 0.95194 -3.1908 3.2166 694 00000000.png

695 -0.305623 0.115402 -0.769152 -0.549257 0.943365 -3.18646 3.20952 695 00000000.png

696 -0.312508 0.115423 -0.766859 -0.548584 0.935164 -3.18241 3.20307 696 00000000.png

697 -0.319377 0.115437 -0.764525 -0.547881 0.927313 -3.17866 3.19727 697 00000000.png

698 -0.326228 0.115445 -0.762151 -0.54715 0.919792 -3.17522 3.19211 698 00000000.png

699 -0.333063 0.115448 -0.759737 -0.546389 0.912577 -3.1721 3.1876 699 00000000.png

700 -0.33988 0.115444 -0.757282 -0.5456 0.905649 -3.16931 3.18375 700 00000000.png

701 -0.346678 0.115434 -0.754787 -0.544781 0.898981 -3.16686 3.18056 701 00000000.png

702 -0.353459 0.115417 -0.752251 -0.543934 0.892555 -3.16474 3.17803 702 00000000.png

703 -0.36022 0.115395 -0.749676 -0.543057 0.886347 -3.16298 3.17616 703 00000000.png

704 -0.366963 0.115367 -0.747061 -0.542152 0.880334 -3.16158 3.17497 704 00000000.png

705 -0.373686 0.115332 -0.744406 -0.541218 0.874494 -3.16053 3.17444 705 00000000.png

706 -0.380389 0.115291 -0.741712 -0.540255 0.868803 -3.15986 3.17457 706 00000000.png

707 -0.387071 0.115244 -0.738978 -0.539264 0.863237 -3.15957 3.17538 707 00000000.png

708 -0.393734 0.115191 -0.736205 -0.538244 0.857776 -3.15966 3.17687 708 00000000.png

709 -0.400375 0.115132 -0.733393 -0.537195 0.852394 -3.16013 3.17902 709 00000000.png

710 -0.406995 0.115067 -0.730542 -0.536118 0.84707 -3.16101 3.18184 710 00000000.png

711 -0.413594 0.114996 -0.727653 -0.535012 0.841779 -3.16228 3.18534 711 00000000.png

712 -0.42017 0.114919 -0.724724 -0.533878 0.836499 -3.16395 3.1895 712 00000000.png

713 -0.426725 0.114835 -0.721757 -0.532715 0.831206 -3.16604 3.19433 713 00000000.png

714 -0.433256 0.114745 -0.718752 -0.531525 0.825877 -3.16854 3.19982 714 00000000.png

715 -0.439765 0.11465 -0.715709 -0.530306 0.820488 -3.17146 3.20598 715 00000000.png

716 -0.44625 0.114548 -0.712627 -0.529058 0.815017 -3.1748 3.21279 716 00000000.png

717 -0.452711 0.11444 -0.709508 -0.527783 0.809437 -3.17856 3.22026 717 00000000.png

718 -0.459149 0.114326 -0.706351 -0.52648 0.80373 -3.18275 3.22838 718 00000000.png

719 -0.465562 0.114206 -0.703156 -0.525148 0.79787 -3.18738 3.23714 719 00000000.png

720 -0.47195 0.11408 -0.699924 -0.523789 0.791833 -3.19244 3.24655 720 00000000.png

721 -0.478313 0.113948 -0.696655 -0.522402 0.785596 -3.19794 3.25659 721 00000000.png

722 -0.490963 0.113665 -0.690006 -0.519545 0.772433 -3.21026 3.27856 722 00000000.png

723 -0.488637 0.113587 -0.691481 -0.519793 0.767758 -3.20649 3.27722 723 00000000.png

724 -0.486308 0.113508 -0.692951 -0.520038 0.763063 -3.2028 3.27604 724 00000000.png

725 -0.483975 0.113428 -0.694416 -0.520278 0.758351 -3.1992 3.27501 725 00000000.png

726 -0.481638 0.113347 -0.695875 -0.520515 0.753618 -3.19566 3.27414 726 00000000.png

727 -0.479298 0.113266 -0.697329 -0.520747 0.748873 -3.19221 3.27342 727 00000000.png

728 -0.476953 0.113183 -0.698777 -0.520976 0.744113 -3.18883 3.27285 728 00000000.png

729 -0.474606 0.1131 -0.70022 -0.5212 0.739341 -3.18553 3.27245 729 00000000.png

730 -0.472254 0.113016 -0.701658 -0.521421 0.73456 -3.1823 3.27219 730 00000000.png

731 -0.469899 0.11293 -0.70309 -0.521637 0.729769 -3.17915 3.2721 731 00000000.png

732 -0.46754 0.112844 -0.704517 -0.52185 0.724973 -3.17607 3.27216 732 00000000.png

733 -0.465178 0.112758 -0.705939 -0.522059 0.720172 -3.17306 3.27237 733 00000000.png

734 -0.462812 0.11267 -0.707355 -0.522263 0.715364 -3.17013 3.27274 734 00000000.png

735 -0.460443 0.112581 -0.708766 -0.522464 0.710559 -3.16728 3.27327 735 00000000.png

736 -0.45807 0.112492 -0.710171 -0.52266 0.705752 -3.16449 3.27396 736 00000000.png

737 -0.455694 0.112402 -0.711571 -0.522853 0.700947 -3.16178 3.2748 737 00000000.png

738 -0.453314 0.11231 -0.712966 -0.523041 0.696146 -3.15914 3.27581 738 00000000.png

739 -0.450931 0.112218 -0.714355 -0.523226 0.69135 -3.15657 3.27697 739 00000000.png

740 -0.448544 0.112126 -0.715739 -0.523407 0.68656 -3.15407 3.27828 740 00000000.png

741 -0.446154 0.112032 -0.717117 -0.523583 0.681781 -3.15164 3.27976 741 00000000.png

742 -0.44376 0.111937 -0.718489 -0.523756 0.677011 -3.14928 3.28139 742 00000000.png

743 -0.441363 0.111842 -0.719856 -0.523924 0.672254 -3.14699 3.28319 743 00000000.png

744 -0.438963 0.111746 -0.721218 -0.524089 0.66751 -3.14477 3.28514 744 00000000.png

745 -0.436559 0.111648 -0.722574 -0.52425 0.662781 -3.14262 3.28725 745 00000000.png

746 -0.434152 0.11155 -0.723925 -0.524406 0.658071 -3.14053 3.28951 746 00000000.png

747 -0.431741 0.111452 -0.72527 -0.524559 0.653379 -3.13851 3.29194 747 00000000.png

748 -0.429328 0.111352 -0.726609 -0.524707 0.648708 -3.13656 3.29452 748 00000000.png

749 -0.426911 0.111251 -0.727943 -0.524852 0.64406 -3.13467 3.29727 749 00000000.png

750 -0.42449 0.11115 -0.729272 -0.524992 0.639435 -3.13285 3.30017 750 00000000.png

751 -0.419641 0.110944 -0.731911 -0.525261 0.630264 -3.1294 3.30645 751 00000000.png

752 -0.431979 0.109878 -0.726574 -0.522888 0.590733 -3.1237 3.30601 752 00000000.png

753 -0.444238 0.108791 -0.7211 -0.520416 0.551678 -3.11868 3.30672 753 00000000.png

754 -0.456412 0.107683 -0.71549 -0.517847 0.513004 -3.11437 3.30857 754 00000000.png

755 -0.468502 0.106555 -0.709747 -0.515181 0.474611 -3.11078 3.31158 755 00000000.png

756 -0.480503 0.105407 -0.70387 -0.512418 0.436398 -3.10795 3.31573 756 00000000.png

757 -0.492414 0.10424 -0.697862 -0.50956 0.398264 -3.1059 3.32104 757 00000000.png

758 -0.504233 0.103053 -0.691723 -0.506605 0.360111 -3.10465 3.32747 758 00000000.png

759 -0.515958 0.101846 -0.685454 -0.503556 0.321835 -3.10421 3.33503 759 00000000.png

760 -0.527585 0.100621 -0.679056 -0.500412 0.283336 -3.1046 3.3437 760 00000000.png

761 -0.539114 0.0993763 -0.672531 -0.497174 0.244513 -3.10584 3.35345 761 00000000.png

762 -0.550542 0.0981133 -0.66588 -0.493843 0.205267 -3.10793 3.36427 762 00000000.png

763 -0.561866 0.0968318 -0.659104 -0.49042 0.165497 -3.11088 3.37611 763 00000000.png

764 -0.573085 0.0955322 -0.652205 -0.486905 0.125105 -3.1147 3.38896 764 00000000.png

765 -0.584197 0.0942147 -0.645183 -0.483298 0.083993 -3.11938 3.40278 765 00000000.png

766 -0.595199 0.0928795 -0.63804 -0.479601 0.0420619 -3.12492 3.41752 766 00000000.png

767 -0.606089 0.0915269 -0.630778 -0.475813 -0.000783324 -3.13132 3.43316 767 00000000.png

768 -0.616866 0.0901572 -0.623397 -0.471937 -0.0446345 -3.13858 3.44963 768 00000000.png

769 -0.627527 0.0887705 -0.615899 -0.467972 -0.0895863 -3.14667 3.46689 769 00000000.png

770 -0.63807 0.0873672 -0.608286 -0.463919 -0.135729 -3.1556 3.48489 770 00000000.png

771 -0.648494 0.0859475 -0.600559 -0.459779 -0.183154 -3.16534 3.50358 771 00000000.png

772 -0.658796 0.0845117 -0.592719 -0.455553 -0.231945 -3.17587 3.52289 772 00000000.png

773 -0.668975 0.08306 -0.584768 -0.451242 -0.282188 -3.18718 3.54276 773 00000000.png

774 -0.679028 0.0815928 -0.576708 -0.446846 -0.333965 -3.19924 3.56314 774 00000000.png

775 -0.688954 0.0801103 -0.568539 -0.442366 -0.387358 -3.21203 3.58394 775 00000000.png

776 -0.698751 0.0786127 -0.560264 -0.437803 -0.442441 -3.22551 3.60511 776 00000000.png

777 -0.708416 0.0771004 -0.551883 -0.433159 -0.499291 -3.23966 3.62656 777 00000000.png

778 -0.717949 0.0755737 -0.543399 -0.428433 -0.557978 -3.25443 3.64822 778 00000000.png

779 -0.727347 0.0740328 -0.534814 -0.423626 -0.618572 -3.2698 3.67001 779 00000000.png

780 -0.745733 0.0709096 -0.517343 -0.413776 -0.745733 -3.30217 3.71368 780 00000000.png

781 -0.746648 0.0709775 -0.516762 -0.412838 -0.733429 -3.29946 3.7181 781 00000000.png

782 -0.747562 0.0710453 -0.51618 -0.4119 -0.721138 -3.29683 3.72259 782 00000000.png

783 -0.748474 0.071113 -0.515598 -0.41096 -0.70886 -3.29427 3.72716 783 00000000.png

784 -0.749385 0.0711805 -0.515014 -0.41002 -0.696597 -3.29178 3.73181 784 00000000.png

785 -0.750294 0.0712478 -0.514429 -0.409079 -0.684348 -3.28937 3.73653 785 00000000.png

786 -0.751202 0.0713151 -0.513843 -0.408137 -0.672117 -3.28703 3.74133 786 00000000.png

787 -0.752108 0.0713821 -0.513256 -0.407194 -0.6599 -3.28476 3.74621 787 00000000.png

788 -0.753013 0.071449 -0.512667 -0.40625 -0.647701 -3.28257 3.75116 788 00000000.png

789 -0.753916 0.0715158 -0.512078 -0.405306 -0.635517 -3.28045 3.75619 789 00000000.png

790 -0.754817 0.0715825 -0.511488 -0.40436 -0.62335 -3.2784 3.7613 790 00000000.png

791 -0.755717 0.0716489 -0.510897 -0.403414 -0.611203 -3.27642 3.76648 791 00000000.png

792 -0.756615 0.0717153 -0.510304 -0.402467 -0.599074 -3.27452 3.77174 792 00000000.png

793 -0.757512 0.0717815 -0.509711 -0.401519 -0.586964 -3.27268 3.77708 793 00000000.png

794 -0.758407 0.0718475 -0.509116 -0.40057 -0.574872 -3.27092 3.78249 794 00000000.png

795 -0.759301 0.0719134 -0.508521 -0.399621 -0.562802 -3.26923 3.78798 795 00000000.png

796 -0.760193 0.0719791 -0.507924 -0.398671 -0.550751 -3.26762 3.79354 796 00000000.png

797 -0.761084 0.0720447 -0.507327 -0.39772 -0.538723 -3.26607 3.79918 797 00000000.png

798 -0.761973 0.0721102 -0.506728 -0.396768 -0.526715 -3.2646 3.8049 798 00000000.png

799 -0.76286 0.0721755 -0.506129 -0.395815 -0.514729 -3.26319 3.81069 799 00000000.png

800 -0.763746 0.0722406 -0.505528 -0.394861 -0.502766 -3.26186 3.81656 800 00000000.png

801 -0.76463 0.0723056 -0.504926 -0.393907 -0.490825 -3.2606 3.82251 801 00000000.png

802 -0.765513 0.0723705 -0.504323 -0.392952 -0.478909 -3.25941 3.82853 802 00000000.png

803 -0.766394 0.0724352 -0.503719 -0.391996 -0.467016 -3.25829 3.83463 803 00000000.png

804 -0.767273 0.0724997 -0.503115 -0.391039 -0.45515 -3.25724 3.84081 804 00000000.png

805 -0.768151 0.0725641 -0.502509 -0.390081 -0.443304 -3.25627 3.84706 805 00000000.png

806 -0.769028 0.0726284 -0.501902 -0.389123 -0.431488 -3.25536 3.85339 806 00000000.png

807 -0.769902 0.0726925 -0.501294 -0.388163 -0.419696 -3.25452 3.85979 807 00000000.png

808 -0.770776 0.0727564 -0.500685 -0.387203 -0.40793 -3.25376 3.86627 808 00000000.png

809 -0.772517 0.0728839 -0.499463 -0.385281 -0.384483 -3.25243 3.87946 809 00000000.png

810 -0.779499 0.0723186 -0.493222 -0.379318 -0.40327 -3.2308 3.89354 810 00000000.png

811 -0.786385 0.0717444 -0.48692 -0.373309 -0.42216 -3.21025 3.90892 811 00000000.png

812 -0.793174 0.0711614 -0.480558 -0.367254 -0.441232 -3.1908 3.9256 812 00000000.png

813 -0.799864 0.0705695 -0.474136 -0.361153 -0.460573 -3.17243 3.94357 813 00000000.png

814 -0.806456 0.069969 -0.467656 -0.355008 -0.480269 -3.15514 3.96281 814 00000000.png

815 -0.812948 0.0693597 -0.461118 -0.348818 -0.500398 -3.13893 3.98331 815 00000000.png

816 -0.81934 0.0687419 -0.454523 -0.342586 -0.521046 -3.12379 4.00506 816 00000000.png

817 -0.825631 0.0681157 -0.447872 -0.336311 -0.542296 -3.10969 4.02804 817 00000000.png

818 -0.831819 0.067481 -0.441165 -0.329995 -0.564227 -3.09663 4.05222 818 00000000.png

819 -0.837905 0.0668379 -0.434404 -0.323638 -0.586919 -3.0846 4.0776 819 00000000.png

820 -0.843887 0.0661866 -0.42759 -0.317241 -0.610455 -3.07357 4.10412 820 00000000.png

821 -0.849765 0.0655271 -0.420722 -0.310805 -0.634912 -3.06353 4.13179 821 00000000.png

822 -0.855537 0.0648596 -0.413802 -0.30433 -0.660367 -3.05446 4.16056 822 00000000.png

823 -0.861204 0.064184 -0.406832 -0.297818 -0.686898 -3.04633 4.1904 823 00000000.png

824 -0.866765 0.0635004 -0.399811 -0.291269 -0.714579 -3.03912 4.22128 824 00000000.png

825 -0.872219 0.0628091 -0.39274 -0.284683 -0.743484 -3.0328 4.25317 825 00000000.png

826 -0.877564 0.0621099 -0.385622 -0.278063 -0.773687 -3.02735 4.28603 826 00000000.png

827 -0.882802 0.0614031 -0.378455 -0.271409 -0.805258 -3.02274 4.31981 827 00000000.png

828 -0.88793 0.0606887 -0.371242 -0.26472 -0.838266 -3.01893 4.35449 828 00000000.png

829 -0.892948 0.0599668 -0.363982 -0.258 -0.872779 -3.0159 4.39001 829 00000000.png

830 -0.897857 0.0592375 -0.356678 -0.251247 -0.908867 -3.01361 4.42634 830 00000000.png

831 -0.902654 0.0585009 -0.34933 -0.244463 -0.94659 -3.01202 4.46342 831 00000000.png

832 -0.907339 0.0577571 -0.341939 -0.237649 -0.986012 -3.01109 4.50122 832 00000000.png

833 -0.911913 0.0570061 -0.334505 -0.230806 -1.0272 -3.01079 4.53967 833 00000000.png

834 -0.916374 0.056248 -0.32703 -0.223934 -1.0702 -3.01108 4.57872 834 00000000.png

835 -0.920721 0.0554831 -0.319515 -0.217034 -1.11507 -3.01192 4.61834 835 00000000.png

836 -0.924955 0.0547112 -0.31196 -0.210108 -1.16188 -3.01326 4.65845 836 00000000.png

837 -0.929075 0.0539326 -0.304366 -0.203156 -1.21068 -3.01505 4.69901 837 00000000.png

838 -0.936969 0.0523555 -0.289067 -0.189176 -1.31441 -3.01984 4.78123 838 00000000.png

839 -0.938586 0.0520416 -0.285415 -0.18678 -1.30726 -3.02042 4.76924 839 00000000.png

840 -0.940182 0.0517265 -0.281756 -0.184379 -1.30005 -3.02133 4.75778 840 00000000.png

841 -0.941758 0.0514103 -0.278091 -0.181974 -1.29279 -3.02255 4.74685 841 00000000.png

842 -0.943313 0.051093 -0.27442 -0.179565 -1.28548 -3.0241 4.73645 842 00000000.png

843 -0.944848 0.0507745 -0.270743 -0.177152 -1.27814 -3.02597 4.72657 843 00000000.png

844 -0.946362 0.050455 -0.26706 -0.174736 -1.27078 -3.02817 4.71721 844 00000000.png

845 -0.947855 0.0501343 -0.263371 -0.172315 -1.26341 -3.03068 4.70838 845 00000000.png

846 -0.949328 0.0498126 -0.259677 -0.169891 -1.25604 -3.03353 4.70007 846 00000000.png

847 -0.95078 0.0494898 -0.255977 -0.167463 -1.24869 -3.03669 4.69228 847 00000000.png

848 -0.952211 0.0491659 -0.252271 -0.165032 -1.24135 -3.04018 4.68501 848 00000000.png

849 -0.953622 0.0488409 -0.24856 -0.162597 -1.23405 -3.044 4.67826 849 00000000.png

850 -0.955012 0.0485149 -0.244843 -0.160158 -1.22679 -3.04814 4.67203 850 00000000.png

851 -0.956381 0.0481878 -0.241121 -0.157716 -1.21959 -3.0526 4.66632 851 00000000.png

852 -0.957729 0.0478596 -0.237394 -0.15527 -1.21245 -3.0574 4.66112 852 00000000.png

853 -0.959056 0.0475304 -0.233662 -0.152821 -1.20539 -3.06251 4.65644 853 00000000.png

854 -0.960362 0.0472002 -0.229924 -0.150369 -1.19842 -3.06796 4.65226 854 00000000.png

855 -0.961648 0.0468689 -0.226182 -0.147913 -1.19154 -3.07372 4.6486 855 00000000.png

856 -0.962912 0.0465367 -0.222434 -0.145454 -1.18478 -3.07981 4.64544 856 00000000.png

857 -0.964156 0.0462034 -0.218682 -0.142992 -1.17813 -3.08623 4.64279 857 00000000.png

858 -0.965378 0.0458691 -0.214925 -0.140527 -1.17161 -3.09297 4.64064 858 00000000.png

859 -0.96658 0.0455338 -0.211163 -0.138059 -1.16523 -3.10003 4.639 859 00000000.png

860 -0.96776 0.0451975 -0.207397 -0.135588 -1.15901 -3.10742 4.63785 860 00000000.png

861 -0.968919 0.0448602 -0.203626 -0.133114 -1.15294 -3.11513 4.63719 861 00000000.png

862 -0.970057 0.044522 -0.199851 -0.130637 -1.14705 -3.12316 4.63703 862 00000000.png

863 -0.971174 0.0441827 -0.196071 -0.128157 -1.14134 -3.13151 4.63735 863 00000000.png

864 -0.97227 0.0438425 -0.192287 -0.125674 -1.13582 -3.14018 4.63817 864 00000000.png

865 -0.973345 0.0435014 -0.188499 -0.123189 -1.13051 -3.14917 4.63946 865 00000000.png

866 -0.974398 0.0431593 -0.184707 -0.120701 -1.1254 -3.15848 4.64124 866 00000000.png

867 -0.976441 0.0424723 -0.17711 -0.115716 -1.11588 -3.17804 4.64622 867 00000000.png

868 -0.977101 0.0425415 -0.174366 -0.11428 -1.10877 -3.17263 4.643 868 00000000.png

869 -0.977751 0.0426103 -0.171619 -0.112843 -1.10163 -3.16735 4.64007 869 00000000.png

870 -0.978392 0.0426786 -0.168871 -0.111404 -1.09448 -3.16221 4.63743 870 00000000.png

871 -0.979022 0.0427466 -0.166121 -0.109964 -1.08732 -3.1572 4.63507 871 00000000.png

872 -0.979643 0.0428141 -0.16337 -0.108524 -1.08015 -3.15232 4.633 872 00000000.png

873 -0.980254 0.0428811 -0.160617 -0.107082 -1.07298 -3.14757 4.6312 873 00000000.png

874 -0.980855 0.0429478 -0.157862 -0.105639 -1.0658 -3.14296 4.62969 874 00000000.png

875 -0.981446 0.043014 -0.155106 -0.104195 -1.05863 -3.13849 4.62847 875 00000000.png

876 -0.982027 0.0430797 -0.152348 -0.10275 -1.05146 -3.13415 4.62753 876 00000000.png

877 -0.982598 0.0431451 -0.149588 -0.101304 -1.0443 -3.12994 4.62687 877 00000000.png

878 -0.98316 0.04321 -0.146828 -0.0998564 -1.03716 -3.12586 4.62649 878 00000000.png

879 -0.983712 0.0432744 -0.144065 -0.0984083 -1.03004 -3.12192 4.62639 879 00000000.png

880 -0.984253 0.0433385 -0.141301 -0.0969592 -1.02293 -3.11811 4.62658 880 00000000.png

881 -0.984785 0.0434021 -0.138536 -0.0955091 -1.01585 -3.11443 4.62705 881 00000000.png

882 -0.985307 0.0434652 -0.135769 -0.0940581 -1.0088 -3.11089 4.6278 882 00000000.png

883 -0.985819 0.043528 -0.133001 -0.092606 -1.00178 -3.10748 4.62883 883 00000000.png

884 -0.986322 0.0435903 -0.130232 -0.0911531 -0.994801 -3.1042 4.63014 884 00000000.png

885 -0.986814 0.0436521 -0.127461 -0.0896993 -0.987858 -3.10105 4.63174 885 00000000.png

886 -0.987297 0.0437135 -0.12469 -0.0882445 -0.980957 -3.09804 4.63361 886 00000000.png

887 -0.987769 0.0437745 -0.121916 -0.0867889 -0.974105 -3.09515 4.63576 887 00000000.png

888 -0.988232 0.0438351 -0.119142 -0.0853324 -0.967302 -3.0924 4.63819 888 00000000.png

889 -0.988684 0.0438952 -0.116366 -0.0838751 -0.960553 -3.08978 4.6409 889 00000000.png

890 -0.989127 0.0439548 -0.11359 -0.0824169 -0.953862 -3.08729 4.64388 890 00000000.png

891 -0.98956 0.044014 -0.110812 -0.0809579 -0.947233 -3.08494 4.64714 891 00000000.png

892 -0.989983 0.0440728 -0.108033 -0.079498 -0.940667 -3.08271 4.65068 892 00000000.png

893 -0.990396 0.0441311 -0.105253 -0.0780374 -0.934171 -3.08061 4.6545 893 00000000.png

894 -0.990799 0.044189 -0.102471 -0.076576 -0.927746 -3.07865 4.65859 894 00000000.png

895 -0.991192 0.0442465 -0.0996893 -0.0751138 -0.921398 -3.07681 4.66295 895 00000000.png

896 -0.991949 0.04436 -0.0941219 -0.0721871 -0.908942 -3.07352 4.67249 896 00000000.png

897 -0.992264 0.0439634 -0.0921725 -0.0705909 -0.906688 -3.07865 4.66247 897 00000000.png

898 -0.992573 0.0435664 -0.0902224 -0.0689941 -0.904408 -3.08387 4.65258 898 00000000.png

899 -0.992876 0.0431691 -0.0882717 -0.0673968 -0.902104 -3.08918 4.6428 899 00000000.png

900 -0.993172 0.0427716 -0.0863204 -0.0657991 -0.899777 -3.09458 4.63316 900 00000000.png

901 -0.993461 0.0423738 -0.0843686 -0.064201 -0.897428 -3.10008 4.62363 901 00000000.png

902 -0.993744 0.0419757 -0.0824162 -0.0626024 -0.89506 -3.10567 4.61423 902 00000000.png

903 -0.99402 0.0415773 -0.0804633 -0.0610034 -0.892674 -3.11135 4.60496 903 00000000.png

904 -0.99429 0.0411786 -0.0785098 -0.0594041 -0.890271 -3.11712 4.59581 904 00000000.png

905 -0.994553 0.0407797 -0.0765558 -0.0578043 -0.887852 -3.12298 4.58678 905 00000000.png

906 -0.994809 0.0403805 -0.0746013 -0.0562042 -0.88542 -3.12895 4.57787 906 00000000.png

907 -0.995059 0.039981 -0.0726463 -0.0546036 -0.882977 -3.135 4.56909 907 00000000.png

908 -0.995302 0.0395813 -0.0706909 -0.0530028 -0.880522 -3.14114 4.56043 908 00000000.png

909 -0.995539 0.0391813 -0.0687349 -0.0514015 -0.878058 -3.14738 4.5519 909 00000000.png

910 -0.995769 0.038781 -0.0667785 -0.0498 -0.875588 -3.15372 4.54349 910 00000000.png

911 -0.995993 0.0383805 -0.0648217 -0.0481981 -0.873111 -3.16014 4.5352 911 00000000.png

912 -0.99621 0.0379797 -0.0628644 -0.0465959 -0.87063 -3.16667 4.52703 912 00000000.png

913 -0.996421 0.0375787 -0.0609068 -0.0449933 -0.868146 -3.17328 4.51899 913 00000000.png

914 -0.996624 0.0371775 -0.0589487 -0.0433905 -0.865661 -3.18 4.51107 914 00000000.png

915 -0.996822 0.036776 -0.0569902 -0.0417874 -0.863176 -3.1868 4.50327 915 00000000.png

916 -0.997012 0.0363742 -0.0550314 -0.040184 -0.860693 -3.19371 4.49559 916 00000000.png

917 -0.997197 0.0359722 -0.0530722 -0.0385804 -0.858214 -3.2007 4.48804 917 00000000.png

918 -0.997374 0.03557 -0.0511126 -0.0369765 -0.85574 -3.2078 4.4806 918 00000000.png

919 -0.997545 0.0351675 -0.0491527 -0.0353723 -0.853272 -3.21498 4.47329 919 00000000.png

920 -0.997709 0.0347648 -0.0471925 -0.0337679 -0.850812 -3.22227 4.4661 920 00000000.png

921 -0.997867 0.0343619 -0.045232 -0.0321633 -0.848362 -3.22965 4.45903 921 00000000.png

922 -0.998018 0.0339587 -0.0432712 -0.0305585 -0.845923 -3.23712 4.45208 922 00000000.png

923 -0.998163 0.0335554 -0.04131 -0.0289535 -0.843497 -3.24469 4.44525 923 00000000.png

924 -0.998301 0.0331518 -0.0393487 -0.0273483 -0.841084 -3.25236 4.43854 924 00000000.png

925 -0.998557 0.0323439 -0.035425 -0.0241372 -0.836309 -3.26798 4.42548 925 00000000.png

926 -0.998764 0.0318244 -0.0317134 -0.0212532 -0.841597 -3.25204 4.40158 926 00000000.png

927 -0.998949 0.0313042 -0.0280011 -0.0183686 -0.846423 -3.23628 4.37802 927 00000000.png

928 -0.999111 0.0307832 -0.0242881 -0.0154836 -0.850794 -3.22072 4.35482 928 00000000.png

929 -0.999251 0.0302616 -0.0205745 -0.0125982 -0.85472 -3.20536 4.33197 929 00000000.png

930 -0.999368 0.0297393 -0.0168605 -0.00971253 -0.858208 -3.19021 4.30948 930 00000000.png

931 -0.999463 0.0292163 -0.0131461 -0.00682665 -0.861266 -3.17527 4.28736 931 00000000.png

932 -0.999536 0.0286927 -0.00943146 -0.00394063 -0.863902 -3.16053 4.2656 932 00000000.png

933 -0.999586 0.0281684 -0.00571657 -0.00105451 -0.866125 -3.14602 4.24422 933 00000000.png

934 -0.999614 0.0276435 -0.00200155 0.00183163 -0.867942 -3.13172 4.22321 934 00000000.png

935 -0.99962 0.027118 0.00171351 0.00471772 -0.869363 -3.11765 4.20258 935 00000000.png

936 -0.999603 0.0265918 0.00542854 0.00760371 -0.870396 -3.10381 4.18233 936 00000000.png

937 -0.999563 0.0260651 0.00914344 0.0104895 -0.871049 -3.0902 4.16248 937 00000000.png

938 -0.999502 0.0255378 0.0128581 0.0133751 -0.87133 -3.07683 4.14301 938 00000000.png

939 -0.999418 0.0250099 0.0165725 0.0162604 -0.871249 -3.0637 4.12393 939 00000000.png

940 -0.999311 0.0244815 0.0202866 0.0191453 -0.870814 -3.05081 4.10525 940 00000000.png

941 -0.999182 0.0239525 0.0240002 0.0220298 -0.870034 -3.03817 4.08697 941 00000000.png

942 -0.999031 0.0234229 0.0277132 0.0249138 -0.868918 -3.02577 4.0691 942 00000000.png

943 -0.998857 0.0228929 0.0314256 0.0277973 -0.867473 -3.01363 4.05163 943 00000000.png

944 -0.998661 0.0223623 0.0351374 0.0306801 -0.865711 -3.00175 4.03457 944 00000000.png

945 -0.998443 0.0218312 0.0388483 0.0335622 -0.863639 -2.99013 4.01792 945 00000000.png

946 -0.998202 0.0212997 0.0425584 0.0364436 -0.861266 -2.97877 4.00169 946 00000000.png

947 -0.997939 0.0207677 0.0462675 0.0393242 -0.858602 -2.96768 3.98587 947 00000000.png

948 -0.997653 0.0202352 0.0499755 0.0422038 -0.855655 -2.95686 3.97047 948 00000000.png

949 -0.997345 0.0197022 0.0536825 0.0450826 -0.852434 -2.94631 3.95549 949 00000000.png

950 -0.997015 0.0191688 0.0573882 0.0479603 -0.84895 -2.93603 3.94094 950 00000000.png

951 -0.996662 0.018635 0.0610927 0.0508369 -0.84521 -2.92603 3.92681 951 00000000.png

952 -0.996288 0.0181007 0.0647958 0.0537124 -0.841225 -2.91632 3.91311 952 00000000.png

953 -0.99589 0.0175661 0.0684974 0.0565868 -0.837004 -2.90688 3.89985 953 00000000.png

954 -0.995029 0.0164957 0.0758962 0.0623315 -0.827888 -2.88888 3.8746 954 00000000.png

955 -0.994623 0.0191335 0.0793034 0.0637959 -0.814939 -2.89235 3.85785 955 00000000.png

956 -0.994196 0.0217709 0.0827091 0.0652591 -0.801805 -2.89625 3.84167 956 00000000.png

957 -0.993749 0.0244079 0.0861131 0.0667208 -0.788497 -2.90059 3.82606 957 00000000.png

958 -0.993281 0.0270444 0.0895152 0.0681812 -0.775023 -2.90535 3.81103 958 00000000.png

959 -0.992792 0.0296803 0.0929155 0.0696401 -0.761394 -2.91053 3.79659 959 00000000.png

960 -0.992282 0.0323156 0.0963139 0.0710976 -0.747618 -2.91612 3.78274 960 00000000.png

961 -0.991752 0.0349502 0.0997103 0.0725536 -0.733705 -2.92213 3.76948 961 00000000.png

962 -0.991201 0.0375841 0.103105 0.0740081 -0.719664 -2.92854 3.75683 962 00000000.png

963 -0.990629 0.0402172 0.106497 0.075461 -0.705504 -2.93535 3.74479 963 00000000.png

964 -0.990037 0.0428494 0.109887 0.0769124 -0.691234 -2.94255 3.73335 964 00000000.png

965 -0.989424 0.0454808 0.113274 0.0783621 -0.676866 -2.95015 3.72254 965 00000000.png

966 -0.98879 0.0481112 0.116659 0.0798102 -0.662406 -2.95812 3.71234 966 00000000.png

967 -0.988136 0.0507406 0.120042 0.0812567 -0.647864 -2.96647 3.70276 967 00000000.png

968 -0.987461 0.053369 0.123422 0.0827014 -0.633252 -2.9752 3.69382 968 00000000.png

969 -0.986765 0.0559962 0.1268 0.0841445 -0.618577 -2.98429 3.68551 969 00000000.png

970 -0.986049 0.0586223 0.130175 0.0855857 -0.603849 -2.99374 3.67784 970 00000000.png

971 -0.985312 0.0612472 0.133548 0.0870252 -0.589078 -3.00355 3.67081 971 00000000.png

972 -0.984555 0.0638707 0.136917 0.0884629 -0.574272 -3.0137 3.66443 972 00000000.png

973 -0.983777 0.066493 0.140284 0.0898987 -0.559443 -3.0242 3.65869 973 00000000.png

974 -0.982979 0.0691138 0.143648 0.0913327 -0.544597 -3.03503 3.65361 974 00000000.png

975 -0.98216 0.0717332 0.147008 0.0927647 -0.529747 -3.04619 3.64919 975 00000000.png

976 -0.98132 0.0743511 0.150366 0.0941948 -0.514901 -3.05768 3.64542 976 00000000.png

977 -0.98046 0.0769675 0.153721 0.0956229 -0.500068 -3.06948 3.64231 977 00000000.png

978 -0.97958 0.0795822 0.157072 0.0970491 -0.485258 -3.0816 3.63988 978 00000000.png

979 -0.978679 0.0821953 0.16042 0.0984732 -0.470481 -3.09401 3.6381 979 00000000.png

980 -0.977758 0.0848067 0.163765 0.0998952 -0.455745 -3.10673 3.637 980 00000000.png

981 -0.976816 0.0874163 0.167106 0.101315 -0.44106 -3.11974 3.63658 981 00000000.png

982 -0.975854 0.0900241 0.170444 0.102733 -0.426437 -3.13303 3.63683 982 00000000.png

983 -0.973868 0.095234 0.177109 0.105562 -0.39741 -3.16043 3.63936 983 00000000.png

984 -0.972046 0.0972024 0.183914 0.108871 -0.411642 -3.13848 3.6099 984 00000000.png

985 -0.970162 0.0991646 0.190707 0.112173 -0.424779 -3.11709 3.58094 985 00000000.png

986 -0.968215 0.10112 0.197487 0.115467 -0.436849 -3.09627 3.55251 986 00000000.png

987 -0.966206 0.10307 0.204255 0.118754 -0.447876 -3.07602 3.52463 987 00000000.png

988 -0.964134 0.105012 0.21101 0.122033 -0.457887 -3.05635 3.49733 988 00000000.png

989 -0.962001 0.106948 0.217751 0.125305 -0.466907 -3.03726 3.47063 989 00000000.png

990 -0.959805 0.108877 0.224479 0.128568 -0.474966 -3.01875 3.44458 990 00000000.png

991 -0.957547 0.110799 0.231191 0.131823 -0.48209 -3.00082 3.41917 991 00000000.png

992 -0.955228 0.112714 0.237889 0.13507 -0.488308 -2.98348 3.39445 992 00000000.png

993 -0.952847 0.114622 0.244572 0.138308 -0.49365 -2.96673 3.37043 993 00000000.png

994 -0.950405 0.116522 0.251238 0.141537 -0.498142 -2.95056 3.34714 994 00000000.png

995 -0.947901 0.118415 0.257889 0.144756 -0.501815 -2.93499 3.3246 995 00000000.png

996 -0.945337 0.1203 0.264523 0.147967 -0.504701 -2.92 3.30283 996 00000000.png

997 -0.942711 0.122177 0.27114 0.151168 -0.506829 -2.9056 3.28185 997 00000000.png

998 -0.940025 0.124046 0.277739 0.154359 -0.508229 -2.89179 3.26169 998 00000000.png

999 -0.937278 0.125908 0.284321 0.15754 -0.508933 -2.87857 3.24236 999 00000000.png

1000 -0.934471 0.127761 0.290884 0.160712 -0.508973 -2.86593 3.22388 1000 00000000.png

1001 -0.931603 0.129606 0.297428 0.163872 -0.50838 -2.85388 3.20627 1001 00000000.png

1002 -0.928676 0.131443 0.303953 0.167023 -0.507186 -2.8424 3.18955 1002 00000000.png

1003 -0.925688 0.133271 0.310459 0.170162 -0.505425 -2.83151 3.17373 1003 00000000.png

1004 -0.922641 0.135091 0.316945 0.173291 -0.503128 -2.82119 3.15883 1004 00000000.png

1005 -0.919535 0.136902 0.32341 0.176408 -0.500329 -2.81144 3.14487 1005 00000000.png

1006 -0.916369 0.138704 0.329854 0.179514 -0.497062 -2.80226 3.13187 1006 00000000.png

1007 -0.913144 0.140497 0.336277 0.182608 -0.493359 -2.79364 3.11982 1007 00000000.png

1008 -0.90986 0.142281 0.342679 0.185691 -0.489255 -2.78558 3.10876 1008 00000000.png

1009 -0.906518 0.144056 0.349058 0.188761 -0.484783 -2.77808 3.09869 1009 00000000.png

1010 -0.903117 0.145822 0.355415 0.19182 -0.479978 -2.77112 3.08962 1010 00000000.png

1011 -0.899659 0.147578 0.361749 0.194866 -0.474873 -2.7647 3.08156 1011 00000000.png

1012 -0.892567 0.151062 0.374347 0.20092 -0.463905 -2.75347 3.06854 1012 00000000.png

1013 -0.891687 0.150291 0.376512 0.201361 -0.44376 -2.76291 3.06051 1013 00000000.png

1014 -0.890801 0.149519 0.378674 0.2018 -0.423552 -2.77234 3.05275 1014 00000000.png

1015 -0.88991 0.148746 0.380835 0.202239 -0.403284 -2.78176 3.04525 1015 00000000.png

1016 -0.889013 0.147972 0.382993 0.202676 -0.382961 -2.79117 3.03802 1016 00000000.png


